33.0582880388967 30.7688942518672 31.913591145382 27.3459277794028 28.5615898557283 27.9537588175656 64.9094452490056 0.161014618331359
36.3366239401587 33.9673787193676 35.1520013297632 29.1703127941405 30.5451413704083 29.8577270822744 69.8083607930564 0.169016660255084
31.4285556814406 29.4656443946549 30.4471000380478 26.7105961763565 27.7413202344558 27.2259582054062 62.922626058355 0.15556311340147
29.6433039521713 27.7611107900614 28.7022073711164 24.5314945326218 25.5182564939428 25.0248755132823 58.1691296871202 0.162226154856317
24.9156336040013 22.9733041841102 23.9444688940558 21.8901671203412 22.6006638033865 22.2454154618638 50.9561218753168 0.145317379274686
22.4984759673287 21.2840734491569 21.8912747082428 19.9736311613888 20.7371917513005 20.3554114563446 46.6173285026108 0.145084406733536
18.9937659455654 17.9889522511467 18.491359098356 17.4025814246407 17.9265405942337 17.6645610094372 40.1945638668229 0.137717598681029
17.1321703363655 16.1943493740156 16.6632598551906 15.9869072184989 16.4778327366163 16.2323699775576 36.7604767862341 0.132320075166413
18.6088808643186 17.3853244656566 17.9971026649876 17.4312626680413 18.0965853335566 17.763924000799 40.0987133028669 0.12865584487592
17.9058262416619 16.9269607598092 17.4163935007356 17.7508912600129 18.115635947878 17.9332636039454 40.0526800813166 0.116714753261777
19.8154532497516 18.5234492870773 19.1694512684144 18.7463427562301 19.3321926569811 19.0392677066056 42.9112069783148 0.126913273125178
21.9686263698006 20.4442966703188 21.2064615200597 19.9658626063964 20.6682724507753 20.3170675285859 46.1977829680954 0.136920544834918
23.0598672392247 21.6317660519991 22.3458166456119 20.7606802345514 21.5340302397189 21.1473552371352 48.2281986746752 0.140289131521881
23.3672486970546 22.0408030054012 22.7040258512279 21.4936501573415 22.2395415884173 21.8665958728794 49.657742792047 0.135470355805045
31.1188239935246 29.2833105069617 30.2010672502431 24.8079161955221 26.047828334383 25.4278722649525 59.5662841301089 0.171279364420312
