32.9735769155792 31.1902086337296 32.0818927746544 25.6010699015029 26.9906922765832 26.295881089043 61.9593448458907 0.17811882089222
34.4083346847146 32.3650766131469 33.3867056489308 26.5215504139181 28.1002588566319 27.310904635275 64.3784768077044 0.178622196288449
32.1105503694831 29.9398320730967 31.0251912212899 24.2044162715044 25.7043368341788 24.9543765528416 59.0352594951218 0.1828638429438
26.7027902773961 25.5648657118133 26.1338279946047 22.0256263077974 23.081581112514 22.5536037101557 52.5452270048798 0.164896476859241
23.8713115573059 22.7661439101041 23.318727733705 19.9628788223115 20.7987989610986 20.3808388917051 47.3482189119177 0.161586605033913
18.9735008700033 17.8734643188975 18.4234825944504 16.9192888995604 17.5282369587455 17.2237629291529 39.3948046438017 0.143617826309086
16.6360039851236 15.7096613396083 16.1728326623659 14.6394039834084 15.1750873851856 14.907245684297 34.2105804927094 0.147448067108272
15.9804084080215 14.9514790459296 15.4659437269755 14.7990798927019 15.3446391717806 15.0718595322413 34.1290928608708 0.132212411741987
18.5716075333662 17.2409790390741 17.9062932862202 15.7640896765918 16.4745156545394 16.1193026655656 37.1964526566766 0.153786036170673
17.9184647289319 16.8595687118816 17.3890167204068 16.3719116617748 16.9412400239774 16.6565758428761 37.8761398356621 0.13697257446408
19.6415704048218 18.5912172012465 19.1163938030341 17.2484051512978 17.830882008892 17.5396435800949 40.2950988350115 0.148686364435047
19.8563396043939 18.8211428573056 19.3387412308497 17.8701840061993 18.5462837455756 18.2082338758875 41.5761424858142 0.141685205968053
20.9910354237027 19.8344280214239 20.4127317225633 18.5342852294881 19.2200803091377 18.8771827693129 43.2877419695507 0.146562559110251
23.7182947593859 22.262603171362 22.990448965374 19.4034282433295 20.3000427396804 19.851735491505 46.2447676303129 0.164753773041708
29.8223745424622 28.1713952735943 28.9968849080282 22.6506018702635 23.9141597409734 23.2823808056185 55.1000398262547 0.183299085395897
