34.7685344972364 32.3940923917807 33.5813134445086 28.5787824920088 29.8870087670139 29.2328956295113 67.9745064862139 0.162637245172387
36.3040073369849 34.088957720426 35.1964825287055 29.6804479124264 31.1017315837806 30.3910897481035 70.7964192733364 0.164756181172383
31.5684655116029 29.7023407021824 30.6354031068926 27.0651394428335 28.2252265055611 27.6451829741973 63.7574500228702 0.153138506668202
29.100851607775 27.5602257548671 28.3305386813211 24.9965382772541 26.1186413719373 25.5575898245957 58.9469868457624 0.153218813869411
24.9662090928595 23.3921962291497 24.1792026610046 22.3208076937521 23.0258727240853 22.6733402089187 51.8218722207644 0.142793072023414
22.0197265846057 20.8038087553857 21.4117676699957 20.026108900344 20.6435429346705 20.3348259175072 46.3359954997688 0.139326092284763
15.8339536438872 14.9569326619312 15.3954431529092 17.0418985318254 17.1706338276861 17.1062661797557 37.4487238649367 0.0945908204461113
17.7685236613711 16.802933407791 17.285728534581 17.5243607926333 17.9387880816554 17.7315744371443 39.6404338614446 0.117792275073029
19.5835030252596 18.5219013003049 19.0527021627822 19.0245759655787 19.5409851113942 19.2827805384864 43.2556685150709 0.121613877955441
20.6615220419555 19.6006545032339 20.1310882725947 19.5895156420742 20.1180856916676 19.8538006668709 44.8254089070627 0.128887351575478
20.3191837977281 18.9193356796849 19.6192597387065 19.7195884752067 20.2611402092315 19.9903643422191 44.7666259903854 0.119705104519769
22.0701304918148 20.7456143226888 21.4078724072518 20.8088123449757 21.4380245817215 21.1234184633486 47.6860970360042 0.128749523159443
22.4265970784558 21.0114415808636 21.7190193296597 21.2913443156544 21.970605968043 21.6309751418487 48.7190681997943 0.126141283051525
25.7277191758972 24.2042665559024 24.9659928658998 22.7228786826861 23.51351496784 23.118196825263 52.9965448120405 0.146208443777224
34.4375203057955 32.1723301934466 33.304925249621 27.663523564729 29.0361458657263 28.3498347152277 66.2513385689263 0.168460755316862
