35.5690055818194 33.2678200855746 34.418412833697 28.0299254378849 29.4342636929991 28.732094565442 67.4323635775364 0.173467590814659
38.1581911456932 35.5444778151417 36.8513344804174 29.5511097555311 31.1497521752783 30.3504309654047 71.4390926770077 0.176904090067756
37.0878501766359 34.6199772159977 35.8539136963168 28.4354409990722 29.9883635994775 29.2119022992748 68.9186087463868 0.179632330005735
31.2877694749235 29.2145045252887 30.2511370001061 25.5787716490545 26.6939548886979 26.1363632688762 60.8769449498131 0.164602441501623
28.9064742705778 26.5726789163035 27.7395765934406 23.4188553147445 24.5826716248684 24.0007634698065 55.8847926576874 0.164229478116222
24.0707219869787 22.2520404878393 23.161381237409 20.8545567155823 21.6561560373781 21.2553563764802 48.8291285164934 0.148631141525451
20.2089305967109 18.1639464131966 19.1864385049537 18.1261421318534 18.5747816285532 18.3504618802033 41.7432402564809 0.137389361886145
21.1920191685203 19.4757161024905 20.3338676355054 17.9283264107503 18.6465451974673 18.2874358041088 42.2087182002055 0.154035990948553
20.5298160070654 18.8628736489141 19.6963448279897 18.2653106942445 18.7257778686181 18.4955442814313 42.2590624800551 0.142411973311901
22.3054373334052 20.5872639183927 21.446350625899 19.6844117792709 20.5062671806019 20.0953394799364 45.9379786545713 0.143000811218858
22.6735672692639 21.1432501127108 21.9084086909874 20.3439325357224 21.1197437521984 20.7318381439604 47.281437136278 0.140309817391952
23.7606408475057 22.3875552231195 23.0740980353126 21.0452413414957 21.7674941486748 21.4063677450852 49.050637630266 0.145702022276241
24.9121223399323 23.3604937568807 24.1363080484065 21.6546519109376 22.4757166177912 22.0651842643644 50.7350515568318 0.149662992816464
27.5172785660165 26.0893805666167 26.8033295663166 22.8003244440316 23.7267181034782 23.2635212737549 54.1301095105078 0.163411782625864
35.7448052037006 33.3063197849181 34.5255624943094 27.51823269421 29.0622752790634 28.2902539866367 66.6628973872765 0.178195455911524
