30.0006290516295 28.2005255838578 29.1005773177436 23.2615915369056 24.3687879543374 23.8151897456215 56.1329619233608 0.17851175075523
30.4946227560275 28.6838991456226 29.5892609508251 23.5959572697207 24.9195377792154 24.2577475244681 57.1545152027374 0.178067236974233
27.2728566465272 26.0756536090794 26.6742551278033 22.3190327432074 23.315096450318 22.8170645967627 53.2639330690321 0.16719512370117
27.2412382774423 25.2589350630035 26.2500866702229 21.4701670498052 22.5848101383456 22.0274885940754 51.6384959432548 0.172137616204321
20.6378016659233 18.8310142686979 19.7344079673106 18.7967620608735 19.2359125490608 19.0163373049672 43.1795496378213 0.135327717039981
18.6472611575943 17.803640213256 18.2254506854252 17.7052312875733 18.0405681055846 17.872899696579 40.4094432044175 0.130466904935189
14.6725989239426 14.0065423300401 14.3395706269913 15.2618410701147 15.5062808688325 15.3840609694736 33.9950889711934 0.104880208114407
13.0110251353371 12.3972766398394 12.7041508875883 13.7170815362156 13.865002953809 13.7910422450123 30.3800608610538 0.10144180263247
14.4911505964378 13.769715337778 14.1304329671079 14.5430299608346 14.7232282661016 14.6331291134681 32.6342957767037 0.115082615743054
17.6286955911834 16.4711432284626 17.049919409823 16.1651487579877 16.7058100706153 16.4354794143015 37.3160246705631 0.135227751193317
18.1291307345307 16.9281691500844 17.5286499423076 16.3570493532466 16.8571355706791 16.6070924619628 37.8636219229858 0.139983474220708
20.1779289130114 18.5623957357777 19.3701623243945 17.4745088701708 18.1158409961777 17.7951749331743 40.869926768393 0.148342933460071
21.7502753830702 20.197530826396 20.9739031047331 18.4218433926861 19.1453625566706 18.7836029746784 43.3960671516923 0.155158230563999
24.4716323084032 22.6035119497173 23.5375721290603 19.5296263479825 20.5191683394883 20.0243973437354 46.8012616108416 0.16860599616206
30.5089114592711 28.3579452914549 29.433428375363 22.1029330214681 23.4916494892073 22.7972912553377 54.3578190501017 0.192199074031975
