34.8931501948489 32.3523675850363 33.6227588899426 26.1271307579802 27.7307158548085 26.9289233063944 63.7636995253891 0.183925900042355
37.5220818219802 34.7274138785028 36.1247478502415 27.497565966538 29.2869331314267 28.3922495489823 67.494351090756 0.188605203231867
33.9107431190661 31.2742833241311 32.5925132215986 25.4011541752388 26.8400231845495 26.1205886798942 61.8412948566296 0.183765335737451
30.6061280192175 28.608290405742 29.6072092124798 23.1437664847622 24.4655067909532 23.8046366378577 56.3198979855385 0.182960673635534
25.3392675881191 23.7240855366924 24.5316765624057 20.7624111151329 21.7031464145059 21.2327787648194 49.435719617923 0.16413683214731
24.2987531083325 22.6026390537525 23.4506960810425 19.3396438394383 20.3167073886827 19.8281756140605 46.4055049575936 0.170190991366011
17.8135880114581 16.6951686804794 17.2543783459688 15.4609666691652 15.9900705772507 15.725518623208 36.1839553707043 0.150485279299577
18.7895015341277 17.412337826968 18.1009196805479 15.0192227323054 15.7846401834662 15.4019314578858 35.9961732878993 0.168560364858307
20.0461062015766 18.9441090757381 19.4951076386574 16.8061599878024 17.4290070594693 17.1175835236359 39.7257505194199 0.16037846301631
21.785550637192 20.1146849886634 20.9501178129277 17.901176812061 18.6570410197502 18.2791089159056 42.4820437323267 0.162038147695505
21.0250507983802 19.6539044895821 20.3394776439811 17.8762121433343 18.6965865070964 18.2863993252153 42.2095627353778 0.154124493966798
22.8754834695964 21.4511049423959 22.1632942059962 18.9292674427677 19.8346526152105 19.3819600289891 45.0218910242305 0.161438031986765
24.425521636071 22.9216349817212 23.6735783088961 19.4014670161857 20.3373966463761 19.8694318312809 46.5773702998375 0.172086114372673
26.6374869272587 24.9709121185522 25.8041995229054 20.7305765507425 21.8351255566164 21.2828510536795 50.0801448694878 0.176537502968373
31.1989231611166 29.0952101128479 30.1470666369823 23.2464754742755 24.7066084996021 23.9765419869388 56.8565816204248 0.185671012346095
