37.0691794126249 34.572820000409 35.820999706517 29.1891324035309 30.3380637727552 29.763598088143 69.924174618274 0.174659300451477
42.8691924562847 39.8663565136806 41.3677744849826 32.1265900506608 33.6869506581735 32.9067703544171 78.0301342302936 0.185624316666184
39.393072871854 36.1061284733218 37.7496006725879 29.9314807716055 31.3259817896909 30.6287312806482 72.3254085333079 0.180679145188824
35.8023824058779 33.2920276566151 34.5472050312465 28.0737949907538 29.2087975761767 28.6412962834653 67.3200379616423 0.175226800061181
34.3408507464983 32.2687437490576 33.3047972477779 26.9765058498979 28.1671862462868 27.5718460480924 64.8263908683937 0.175590324190114
31.1998636842133 28.8832839744732 30.0415738293432 24.9640260825403 25.9818476989605 25.4729368907504 59.5792693803162 0.169462116516889
29.7009012050497 27.5015150126459 28.6012081088478 22.9837646263801 24.0084051287805 23.4960848775803 55.3354420060364 0.177546010204383
25.8577081858002 24.0070863924133 24.9323972891067 20.6070369255101 21.4858512238906 21.0464440747004 49.2744739942616 0.170612808020469
26.730096575121 25.1086486222141 25.9193725986676 21.8826667114089 22.7685604670258 22.3256135892173 52.0363599751267 0.165395964755453
28.1758354587509 25.7883040437678 26.9820697512593 22.7787640049965 23.802754424473 23.2907592147347 54.2599817543074 0.164839266381242
29.6202483946365 27.0396962101166 28.3299723023766 23.508764137423 24.6292752818057 24.0690197096144 56.2711515979184 0.168953955682725
31.4977035497787 28.8947847069034 30.196244128341 24.3983451466409 25.6482260938628 25.0232856202518 58.8215939023803 0.175337139875327
29.8787512649073 27.4905115469828 28.684631405945 24.5612355487287 25.5606503858024 25.0609429672656 58.2260242575448 0.161688615101179
31.978300149367 28.9356717042888 30.4569859268279 25.845374553673 26.9131393138928 26.3792569337829 61.4087535405193 0.163959123160052
41.6707954848487 38.9270588773223 40.2989271810855 30.0946605909747 32.0378600311058 31.0662603110403 74.1458746882194 0.193350502214609
