25.2739002618956 24.0656093774024 24.669754819649 20.1235059518408 21.1356309898388 20.6295684708398 48.3980774498265 0.173026898702169
28.6389355138191 26.6456257992364 27.6422806565277 21.924690426372 23.2108996747924 22.5677950505822 53.2200316515759 0.179114564189623
26.0389035950543 24.5124596682644 25.2756816316593 20.2820532090238 21.4932220295506 20.8876376192872 49.1294949535953 0.176042400032596
22.5448985653252 21.4323664042563 21.9886324847907 18.9150183003488 19.7782287930115 19.3466235466801 44.8779629294825 0.159839669728407
19.3401786145128 18.1235546836491 18.7318666490809 17.077360226749 17.72240538965 17.3998828081995 39.8582963305385 0.14536105702263
15.4904322879314 14.6872891020247 15.088860694978 14.8276367623116 15.2347159070135 15.0311763346626 33.8525010822786 0.126076240760117
12.3111545863419 12.2182845026043 12.2647195444731 13.2908366758675 13.4435574813069 13.3671970785872 29.4151601055706 0.100274048951163
10.2013405238921 10.0402873486712 10.1208139362816 12.3931341137691 12.2199265499088 12.3065303318389 26.2712898148046 0.0673719198837359
10.7235283486339 10.546608361802 10.6350683552179 12.4832695056079 12.5651704130581 12.524219959333 26.9812948872384 0.0771646847008657
14.1046397284013 13.3101395166339 13.7073896225176 13.8666822245818 14.2374143818092 14.0520483031955 31.4196050015934 0.117972423794203
14.7154839215315 14.014891388322 14.3651876549267 13.6932468660782 14.1557201767715 13.9244835214249 31.5722360816449 0.13369504991213
16.2091138409844 15.3612937417961 15.7852037913903 14.687222103322 15.1128711137822 14.9000466085521 34.0017681692856 0.140995362718186
19.587495577851 18.399112820071 18.993304198961 16.1483431343153 16.8898150465818 16.5190790904485 38.4191263504227 0.16287131201633
20.3611452589661 19.0495435879531 19.7053444234596 16.9134024608582 17.7027343495592 17.3080684052087 40.1647252079569 0.160289070612573
26.4872183339146 24.5250169006249 25.5061176172698 20.1879872225514 21.346986235105 20.7674867288282 49.0028317855423 0.179796872519953
