24.4680112270187 23.1105224307684 23.7892668288935 19.7510272337433 20.6462909337565 20.1986590837499 47.2291015187308 0.169114774473502
26.9866578661291 25.2454672935559 26.1160625798425 20.6502310071824 21.9486502355839 21.2994406213831 50.2402094259675 0.179378611838518
23.8671666534474 22.0451543503577 22.9561605019025 19.6169185284986 20.6484146462713 20.1326665873849 46.73556036885 0.160689771670247
21.5691199415488 20.047175869705 20.8081479056269 18.2589035812842 19.1645076741645 18.7117056277243 43.1891761282747 0.154068394072084
17.9470861267102 17.1082383062254 17.5276622164678 16.0076074394409 16.2395557224798 16.1235815809603 37.019433375113 0.147990388774037
14.6963741461767 14.1454552152105 14.4209146806936 14.7484277813764 15.1164125534432 14.9324201674098 33.3026367606383 0.11511183007433
12.0625140726673 10.9541443835799 11.5083292281236 11.8620600027483 12.1533767637559 12.0077183832521 26.7274158973289 0.112926496286222
12.5420612193495 11.8787303406812 12.2103957800154 12.0029034065155 12.4011828110384 12.2020431087769 27.4592929614202 0.125192425425411
11.9011676740632 11.2357026682877 11.5684351711755 12.7839237655131 13.0021560572148 12.8930399113639 28.2020447430083 0.0936926022446844
13.8105689497855 13.2133050329384 13.5119369913619 13.1609438881311 13.3866049767126 13.2737744324219 29.9981800960076 0.129979277888566
14.1377077782789 13.3242248528034 13.7309663155411 14.3018259702402 14.6938198187585 14.4978228944994 32.170925444793 0.109508844152006
14.9952851249902 13.9969444642561 14.4961147946231 14.0692072244273 14.5036559123095 14.2864315683684 32.261133642928 0.12908298648759
17.0999388404744 15.9815304833279 16.5407346619012 15.2396513802742 15.862533487259 15.5510924337666 35.5212728223317 0.142082878537947
18.8296259144684 17.6521906708795 18.240908292674 15.9864694643994 16.7010707744378 16.3437701194186 37.7551602515415 0.155032161358024
26.8965181714735 25.1027743502831 25.9996462608783 20.6301415190084 21.7867641925276 21.208452855768 50.0235956812848 0.179331562313373
