34.1891247626761 32.1924376282126 33.1907811954444 28.1848207419699 29.4319062784864 28.8083635102282 67.0314800675512 0.163403121523236
36.5999127530104 34.4274009860045 35.5136568695075 29.0643886512582 30.4041112553163 29.7342499532873 69.7393664955277 0.172711042065778
35.7983349892445 33.5512908143399 34.6748129017922 27.8238689370286 29.2327379914435 28.528303464236 67.1651307964595 0.177166579159884
27.7894773687429 26.5063998905394 27.1479386296411 24.0951527392181 24.9635739845235 24.5293633618708 56.55482739049 0.152798516540396
26.5418314792502 24.8034347328129 25.6726331060315 22.740580691103 23.6543182280493 23.1974494595761 53.4833889829948 0.152785979255932
21.2680391365151 20.0568223352105 20.6624307358628 19.6973964942243 20.3294507610648 20.0134236276445 45.3866015379839 0.133903983206838
18.5371236995392 17.639975203544 18.0885494515416 17.647001319386 18.1371815496716 17.8920914345288 40.366810751778 0.128062946120336
18.2542309483743 16.9261744420009 17.5902026951876 17.644693665937 18.1234207732144 17.8840572195757 40.0717731987631 0.12032109679511
18.930915612038 17.879356027474 18.405135819756 17.9304358979627 18.4083800106187 18.1694079542907 41.0124870316619 0.128613742804339
18.3067395378686 17.4287235210526 17.8677315294606 18.3253323289571 18.7533101597101 18.5393212443336 41.325153388089 0.114527140542422
22.0997383485816 20.7137377316447 21.4067380401131 19.8509757972722 20.5506107095171 20.2007932533947 46.1010585572807 0.141070501019398
22.0080505118842 20.6815912121495 21.3448208620168 20.2885690401236 20.9763427419747 20.6324558910492 46.8136167671347 0.134465451285502
23.7873827206818 22.2035025163835 22.9954426185326 21.2043360555411 21.9926405888222 21.5984883221817 49.3460314691733 0.142349194376135
25.3452735877264 23.6520890254898 24.4986813066081 21.9694241017392 22.8725943891507 22.4210092454449 51.540015852781 0.149368774807762
32.9715499628862 31.1837305794151 32.0776402711506 26.6069908265813 27.8999102999499 27.2534505632656 63.7158365099362 0.168949897959297
