37.9991310351642 35.3474878949285 36.6733094650463 28.1773046319846 29.0474179376532 28.6123612848189 68.1211414823812 0.190414534548129
45.2122248294448 41.9237607629719 43.5679927962084 31.4636254130257 32.669325393801 32.0664754034133 77.2477278981227 0.204493586000725
42.4712997278604 39.5240850147041 40.9976923712822 29.7152713006765 30.823881677698 30.2695764891873 72.8738854733831 0.203748019061559
38.9137757164817 36.0888586620593 37.5013171892705 28.0070148441293 29.0961187460063 28.5515667950678 68.317017125849 0.196379477459194
37.2416079772032 34.8814581166902 36.0615330469467 26.9897987105937 28.0254582906543 27.507628500624 65.7937852678998 0.195918893306402
33.2202816055339 30.8178205787992 32.0190510921665 25.006840474722 25.8510274957935 25.4289339852577 60.3187837686367 0.186026590882775
30.0586650968799 27.6851047414308 28.8718849191553 22.4940829687414 22.9973447820129 22.7457138753771 54.0447214095152 0.188019899169227
28.3556842535869 26.5952448674047 27.4754645604958 21.5118080965929 22.5115758051773 22.0116919508851 52.117320286563 0.183855389282497
28.8879191461484 26.5976862467094 27.7428026964289 22.1609809321925 23.2642333176535 22.712607124923 53.5298098873943 0.1784162336136
29.3758162194162 26.8713284427533 28.1235723310848 22.3097373742849 23.3133266199491 22.811531997117 53.8697031021682 0.180755924437176
31.1993826907725 28.9402934760543 30.0698380834134 23.4743560479419 24.7026610231531 24.0885085355475 57.0354394863961 0.183872372219074
31.7366073550751 29.7933758806992 30.7649916178872 24.071589391756 25.2155418293071 24.6435656105315 58.35058123609 0.18389080050887
33.6547900364258 31.1913697873719 32.4230799118989 25.0587120119265 26.5391637828653 25.7989378973959 61.1720216435554 0.185553100806719
34.0696567401358 31.5938691755412 32.8317629578385 25.4818234158495 26.9276811505864 26.2047522832179 62.0940768435767 0.184786564140565
41.5824124337878 38.5735558174872 40.0779841256375 28.9084208351336 30.8064941481389 29.8574574916363 71.7538756939348 0.201607265354636
