37.477990582982 34.5986186690345 36.0383046260083 27.8662694749926 28.7600664954476 28.3131679852201 67.3118541988562 0.188702271571906
44.5652593550446 41.5467313051746 43.0559953301096 30.7242234932895 32.196085593196 31.4601545432428 75.8953839806019 0.206214417610087
40.7149167304949 38.3114658422996 39.5131912863972 27.8798185841193 28.8628696225924 28.3713441033558 68.6768639077252 0.210320943159017
36.5994062052179 33.9737799642353 35.2865930847266 26.6798353157482 27.4179262910093 27.0488808033788 64.6320988341525 0.194727783821632
35.0539909455471 32.3151148299272 33.6845528877371 25.1531461934651 25.5620224590548 25.3575843262599 60.8128662553273 0.199106063749742
31.9336349802468 29.3048137839987 30.6192243821228 22.8649419426202 23.5512319398787 23.2080869412494 55.5814569767361 0.197458823672949
28.610173477246 26.0878923187837 27.3490328980149 20.6309365245037 21.4513830704733 21.0411597974885 50.2394590752591 0.193837686676752
28.0194037551002 25.9571453384982 26.9882745467992 20.5444493584031 21.3462545688418 20.9453519636224 49.9215132670377 0.191708627139347
27.1256940997142 24.6237185547973 25.8747063272558 20.3916322763622 21.1711610813591 20.7813966788606 49.1782680343983 0.183228172638266
28.6298333763863 26.4913011511261 27.5605672637562 21.5277460946887 22.2011027138829 21.8644244042858 51.8753171700904 0.186295056546789
29.7635979852632 27.1842544910743 28.4739262381688 22.5344729130097 23.4700239961326 23.0022484545712 54.3669063599271 0.181773739799834
30.8659732196035 28.5612844282694 29.7136288239364 23.0490171820178 23.8192919070092 23.4341545445135 55.6679693195695 0.187752884658745
31.3344379535859 28.8180331343434 30.0762355439646 23.4386098727279 24.1413453899865 23.7899776313572 56.4786094406166 0.187025274167829
32.2215771928406 29.9664603649139 31.0940187788772 24.1875576839233 24.970065341899 24.5788115129112 58.3593720817081 0.187188649277286
44.1172547925995 41.0228231973721 42.5700389949858 30.2851185508367 31.9857880534685 31.1354533021526 75.0977010516029 0.2059837434005
