34.2217760221157 32.1793128384552 33.2005444302854 26.4782733727721 27.878570575058 27.1784219739151 64.0561769723943 0.178438119657447
37.0259250244828 35.0619148458043 36.0439199351435 27.7200060483699 29.3651793841668 28.5425927162684 67.745573098576 0.186745257727815
33.2058358992255 31.1547081572319 32.1802720282287 25.5805397100098 26.9746466714711 26.2775931907404 61.9661247774289 0.179067738959903
28.793562910319 26.3517912856883 27.5726770980037 22.9638387840182 24.205366256339 23.5846025201786 55.0561680173686 0.167205764232479
27.6208486184166 25.565836035945 26.5933423271808 22.1290208409208 23.138366102092 22.6336934715064 52.8947684312445 0.168496173588146
23.5828336350206 21.4235540862661 22.5031938606433 18.8242750744413 19.6882015727971 19.2562383236192 44.9479043758675 0.167099815147583
17.4295136661746 16.2737090325981 16.8516113493863 15.4705470700252 15.9271552008548 15.69885113544 35.9369963361097 0.144574084627833
16.9240901630265 15.9930710355153 16.4585805992709 15.2368177534722 15.7400104676934 15.4884141105828 35.3701636260444 0.141826508947646
19.2559849862439 18.0911739631732 18.6735794747085 16.568283450028 17.1864297255898 16.8773565878089 38.9097401739323 0.152720213366772
18.7643954037842 17.7541993661223 18.2592973849532 16.9175341024195 17.453432117242 17.1854831098307 39.2443185282904 0.141786887150158
20.9117656884167 19.5743939706152 20.2430798295159 17.6589822663896 18.3800237430813 18.0195030047354 41.6886928778267 0.156765890459666
21.322745128682 19.950368442754 20.636556785718 18.5560842998051 19.2026685129913 18.8793764063982 43.40251618352 0.149469009177945
23.7092314105617 22.2439091325103 22.976570271536 19.4175602219779 20.254538860461 19.8360495412195 46.2101542227391 0.164802349548331
26.1623632885326 24.4247887852394 25.293576036886 20.597791119018 21.6290874864518 21.1134393027349 49.5525614560971 0.173483882601694
31.405294095084 29.16704352436 30.286168809722 23.1289959798873 24.6016896578289 23.8653428188581 56.7023182578268 0.187963623405848
