34.1761727108309 31.6594264415415 32.9177995761862 28.6780089981378 29.9287224419949 29.3033657200663 67.7935360502596 0.156753403310188
35.387414267997 33.0008744906068 34.1941443793019 29.3861601574048 30.7588175735593 30.0724888654821 69.7654266817544 0.159954318942865
30.9757053016997 28.8373866807592 29.9065459912295 26.9472235142409 28.0433350170065 27.4952792656237 63.1370108804685 0.148142746078711
28.6415714380584 26.4859442567778 27.5637578474181 25.373073207608 26.2930929994574 25.8330831035327 59.0513671044261 0.142940756776158
25.0566978924025 23.3809827959951 24.2188403441988 22.0147497280967 22.7228846737326 22.3688172009146 51.3096970022489 0.146902327051763
20.5976481324504 19.688309135 20.1429786337252 19.8879486330049 20.3510508093911 20.119499721198 45.2820697120387 0.125327924141406
18.370116444112 17.286525008481 17.8283207262965 17.5534525221538 18.0698121930774 17.8116323576156 40.0855534202372 0.12526332835233
18.1924949117515 17.3465396151671 17.7695172634593 17.4041809604701 17.9059960323943 17.6550884964322 39.7880039273025 0.126814060868146
18.1353116016214 17.1512469582804 17.6432792799509 17.8873168594568 18.3487404037988 18.1180286316278 40.4931646118388 0.117482631116715
17.9751566422768 17.0344126284357 17.5047846353563 18.3802095769 18.7389845200285 18.5595970484642 41.1393443589723 0.108303813157854
19.6577245355626 18.4992824065851 19.0785034710739 19.6990087275224 20.2331825828177 19.9660956551701 44.4072241749934 0.112065797488415
20.809780503652 19.8992967598159 20.354538631734 19.841067052205 20.3666635654169 20.1038653088109 45.373394283624 0.128474390040263
22.6648469782903 21.1927466317523 21.9287968050213 20.7347137684506 21.4550849396199 21.0948993540352 47.9190843630162 0.13579789025753
23.6071389430507 22.2518858523494 22.9295123977001 21.673567512842 22.4098283634492 22.0416979381456 50.0785720600527 0.135996242226563
31.2971128638522 29.1519671416792 30.2245400027657 25.1477322512644 26.2992421349536 25.723487193109 60.1159708978082 0.168503524551533
