31.2776466614803 29.7118649740471 30.4947558177637 25.9529263361603 26.9670034131367 26.4599648746485 61.5715696041782 0.163485475053869
34.4814075511217 32.0873343886805 33.2843709699011 27.4416079699973 28.8045886560976 28.1230983130474 65.828927526279 0.170371180186402
31.9829033043641 29.910373102797 30.9466382035805 25.9167405302703 27.2027529361311 26.5597467332007 61.9550656435353 0.166333893652854
27.4155355640944 25.7335152203326 26.5745253922135 23.267741260387 24.2741341595969 23.770937709992 54.9334672576543 0.155475394531097
22.4151167067909 21.2016513235338 21.8083840151623 20.0840912086156 20.7603790414008 20.4222351250082 46.6919686970354 0.143164996662348
19.2593090205486 18.1397831066953 18.699546063622 18.0072096429385 18.637751638674 18.3224806408062 41.4344568462854 0.130699976126766
15.6300918402088 14.8427465124615 15.2364191763352 15.4037586161592 15.7827786481929 15.5932686321761 34.8806212203913 0.11845123826112
15.970387491409 15.1459859774084 15.5581867344087 15.0730267174877 15.5054986917642 15.289262704626 34.5501413121934 0.129882518852258
15.3295849271372 14.6469399552662 14.9882624412017 15.3658785380118 15.7239069799475 15.5448927589796 34.654263380097 0.114651092079061
17.6335449039223 16.5577922290138 17.095668566468 16.6424821614584 17.1372198098346 16.8898509856465 38.116888598923 0.128396237223048
18.5540311591766 17.6223607660465 18.0881959626116 17.2756027363331 17.7593264940352 17.5174646151841 39.7276741902601 0.133944753506859
18.8579921072909 17.9035088820604 18.3807504946757 18.1930413548539 18.711951147957 18.4524962514054 41.4776415483185 0.12390326444747
20.4629920133274 19.3152746181344 19.8891333157309 18.6367389905188 19.3229827350236 18.9798608627712 43.1984129152619 0.138006575169241
23.8077358194733 22.2428809896301 23.0253084045517 19.8506942207895 20.7302067034201 20.2904504621048 47.0506371576585 0.15942810746198
31.0645228678179 29.1383806226485 30.1014517452332 24.5067201690921 25.7201377026692 25.1134289358806 58.9472070727212 0.173619246165561
