32.3802353306548 30.6006371244416 31.4904362275482 25.9462024323371 27.1326521544316 26.5394272933843 62.1568261990548 0.171028023927048
36.6785123979719 34.5314157974506 35.6049640977112 27.9070152140589 29.2978929257433 28.6024540699011 67.6833832485237 0.183174406697994
31.6611566810969 29.7417256991966 30.7014411901468 25.6795652104595 26.815645786144 26.2476054983018 61.279557556532 0.167336151110941
29.5715258274318 27.9183997643557 28.7449627958937 23.2917342600604 24.2812666964114 23.7865004782359 55.9316575172676 0.175701687779667
23.9301668073858 22.488120464772 23.2091436360789 20.4614682716563 21.2309657155374 20.8462169935969 48.1289933725673 0.154381953026549
21.0088677050634 19.8571198922779 20.4329937986707 18.19163081353 18.8121383394066 18.5018845764683 42.6366304910228 0.152223988718705
17.4709080929037 16.1949751378637 16.8329416153837 15.7704731594396 16.3241865865046 16.0473298729721 36.5327480118435 0.138281206313775
15.3649551249807 14.5711778398251 14.9680664824029 14.5801480786921 14.9198902048223 14.7500191417572 33.3088497540452 0.129112085683606
17.071181872425 16.1930345994531 16.6321082359391 16.5938584770787 17.034121595202 16.8139900361403 37.7283322540425 0.121932752813239
19.321286940816 18.1921526496252 18.7567197952206 17.1837040706894 17.9178515218642 17.5507777962768 40.1343481255799 0.143378048296354
18.5956565829286 17.2795604179188 17.9376085004237 17.33387691041 17.9032819728712 17.6185794416406 39.8188531429986 0.130024508357603
20.1554021666478 18.6975554029672 19.4264787848075 18.0636216077038 18.6875109344864 18.3755662710951 41.9118495189874 0.140423345345146
23.2145920332831 21.7023948912102 22.4584934622467 19.3436824900844 20.2612696181023 19.8024760540934 45.913028641488 0.159274944104711
24.9268551580715 23.4390753765784 24.182965267325 20.3828057667776 21.2622978612195 20.8225518139986 48.5368872537403 0.16548844942986
30.5563587991629 28.6520321044195 29.6041954517912 23.3159301680388 24.6597266432112 23.987828405625 56.6599268167512 0.181014093036133
