35.1242400135961 32.9004303310944 34.0123351723452 27.4598564691958 28.7661175294487 28.1129869993222 66.1213639913884 0.175993216106538
39.1025652067813 36.2375473670349 37.6700562869081 29.0595059453635 30.7021028688867 29.8808044071251 70.896740525665 0.186325835805806
33.4325756929582 30.9745603893858 32.203568041172 26.7208294273063 28.0787246499161 27.3997770386112 64.0376134594663 0.168579097728163
30.3746810614197 28.2334939386216 29.3040875000206 24.4896008183526 25.5919400722164 25.0407704452845 58.4683047595936 0.167462177079378
27.5878698971309 25.5871949794342 26.5875324382826 22.6354435635571 23.6433538640908 23.139398713824 53.8082431716152 0.1626975237578
22.5477668155001 21.2069973648519 21.877382090176 19.4484628446474 20.2619103508999 19.8551865977736 45.7309334830203 0.151611778056726
18.9345625624294 17.7468468198281 18.3407046911287 17.1776088241922 17.7543980073006 17.4660034157464 39.772715817517 0.138575175751427
19.0018610967523 17.5819492076259 18.2919051521891 15.9114254190933 16.5907448157541 16.2510851174237 37.6140884547378 0.157279288827602
17.7432872905524 16.7301826491336 17.236734969843 16.4854649072503 17.0075695402832 16.7465172237668 37.949487362648 0.133056111177247
20.2005908608228 18.8474293088638 19.5240100848433 17.8764130649701 18.4974124365725 18.1869127507713 41.6333665694603 0.144596863139805
20.9926723554881 19.77729819704 20.3849852762641 18.2399078856892 18.9713434655262 18.6056256756077 42.7965617187507 0.150097354018514
19.7830665875582 18.58062635404 19.1818464707991 18.7221195076535 19.2471013838107 18.9846104457321 42.8254609716214 0.127899387086158
22.8662579102272 21.6045002792478 22.2353790947375 19.8590722339373 20.5468221724572 20.2029472031973 46.5196674535471 0.151308939870537
25.2410745342666 23.6346482452444 24.4378613897555 20.496732278445 21.3810970986263 20.9389146885356 48.8615231331017 0.166763508517807
32.6124507611086 30.3967060141887 31.5045783876486 24.5501672687601 25.8884722149937 25.2193197418769 59.7221571512095 0.184055671653195
