38.1597189388495 35.2591951108282 36.7094570248389 27.7756532404086 29.3124582280151 28.5440557342119 68.0058127100818 0.191242991944071
42.3122022054208 38.9453588199534 40.6287805126871 29.6918069673913 31.5148166465002 30.6033118069458 73.3845011764396 0.198963393886411
41.553993834518 39.2860620018499 40.4200279181839 28.7895850854218 30.6394195791484 29.7145023322851 71.5984683567588 0.204773136633797
37.2074620339684 34.7231726279151 35.9653173309417 26.9363141151712 28.3169262662473 27.6266201907093 65.9845907097447 0.194221194164297
31.816184904854 29.4603409410702 30.6382629229621 23.9277348050346 25.145850396467 24.5367926007508 58.100390285091 0.183944275653069
30.1045029179391 27.2183794040042 28.6614411609716 22.2439372349405 23.3685560508516 22.806246642896 54.0758179639872 0.185548389674008
25.4742887924394 23.7750230339411 24.6246559131902 20.5753908134187 21.4079709325916 20.9916808730052 49.0400512184821 0.168083001908304
23.9954260574159 21.9959887379333 22.9957073976746 19.1329055415111 19.9074334647294 19.5201695031203 45.6450635738625 0.169176926628791
25.9690564302133 24.3347204127504 25.1518884214818 20.2142190144225 21.0430908743169 20.6286549443697 48.5994659364402 0.177960125551102
25.9465349140043 23.7010892854178 24.823812099711 20.5309247219543 21.3349282408469 20.9329264814006 49.0199312352246 0.170880986917428
25.7217751783094 23.3117732249153 24.5167742016123 20.4277169393987 21.3045327094924 20.8661248244455 48.7640740825455 0.168498571076705
27.5608204531097 25.0516346420803 26.306227547595 21.7528842789047 22.832555837616 22.2927200582604 52.1476450055403 0.169611533928032
28.6071168614979 25.9629113907002 27.285014126099 22.3089198264002 23.3178500354439 22.813384930922 53.5230337835184 0.173062084946709
31.6399595320513 29.2373377440394 30.4386486380454 23.519921559452 24.608298762789 24.0641101611205 57.1356191882438 0.187154206112216
38.9138433850394 35.6913985271313 37.3026209560853 27.6665567246977 29.2900340204137 28.4782953725557 68.1038333096968 0.19571470867122
