26.2740701768012 24.4207274824946 25.3473988296479 20.8228754915562 22.0417513728853 21.4323134322208 50.1595809163959 0.17018587552446
31.5152990412329 29.7637547582255 30.6395268997292 23.2504876095042 24.6776149666837 23.9640512880939 57.0251523743236 0.189806174439617
24.4227540671401 23.4768408192448 23.9497974431925 21.1845695292273 22.0226158516928 21.6035926904601 49.8284246333848 0.153243938342451
23.9881404020104 22.3332515933819 23.1606959976962 19.562490811993 20.6016628180192 20.0820768150061 46.7378208014544 0.16367000365545
20.2204492140228 19.1281408443395 19.6742950291812 17.6755771374105 18.2840569673835 17.979817052397 41.3448091931922 0.149756114667481
18.1918262055299 17.0819325802962 17.6368793929131 16.2444741880601 16.8854899493524 16.5649820687063 37.846244605791 0.142356944571891
14.4331720891485 13.5604018297156 13.9967869594321 14.3446071728702 14.6014224403696 14.4730148066199 32.2896270735676 0.115511436456156
10.689872782392 10.2619539027344 10.4759133425632 13.4569105931629 13.5446941029497 13.5008023480563 28.3316362332503 0.0492574997710853
13.05665410674 12.3558195475179 12.706236827129 13.4608621845699 13.7555167076841 13.608189446127 30.0845382808375 0.105383578026237
15.5835421672496 14.7733329287764 15.178437548013 15.5356618504639 15.8311375980858 15.6833997242748 34.9965794185468 0.11572044434916
16.4465633713484 15.3364918827642 15.8915276270563 15.7519019652484 16.2033222467547 15.9776121060015 35.9010082563972 0.123478527899425
17.7920801170772 16.8158047936895 17.3039424553833 16.2772663025886 16.7729228194972 16.5250945610429 37.6046072166187 0.137803087229217
21.6883832509192 20.3474509637289 21.017917107324 17.7472705148315 18.6419786281495 18.1946245714905 42.3604528894853 0.164092524224454
21.8309715601803 20.2884832615132 21.0597274108467 17.9848535314068 18.7091954769159 18.3470245041614 42.6543825956568 0.162433248671523
27.4656383104061 25.8758837338456 26.6707610221259 21.0112570319599 22.1603709340445 21.5858139830022 50.9988959080613 0.18130583234481
