31.8785025791339 29.9327606280003 30.9056316035671 26.2008725299692 27.3348609301253 26.7678667300472 62.3133892200203 0.163958821381774
34.5062075380155 32.4003290534923 33.4532682957539 27.9241429896992 29.2614411957582 28.5927920927287 66.7586485920922 0.167403455660934
31.4738157597765 29.6438792488613 30.5588475043189 25.710321612937 26.9871281852168 26.3487248990769 61.3993948416034 0.165130287647324
26.4666497697025 24.8659183884538 25.6662840790781 23.2539517435411 24.1204558000599 23.6872037718005 54.3437962146754 0.14711294626028
24.9378346186781 23.4202389090199 24.179036763849 21.3970630653941 22.2370643651802 21.8170637152871 50.3172257171855 0.153162184742772
19.6752115560098 18.6722336060861 19.1737225810479 18.524678714861 19.0950409955804 18.8098598552207 42.5239304906341 0.130362767663885
18.6943062813274 17.3346292653272 18.0144677733273 17.0256666463897 17.5553800697088 17.2905233580492 39.2984981047063 0.136417252703105
19.5024886649689 17.946235683255 18.724362174112 17.2189054490087 17.9697810572918 17.5943432531502 40.1936966844676 0.14223350386412
19.2651715280305 17.9528719294167 18.6090217287236 17.8030199735558 18.425992135713 18.1145060546344 41.0302226483907 0.132523915491849
20.9681971681809 19.7465918082031 20.357394488192 18.9673569699657 19.5901793814584 19.2787681757121 43.9595216844116 0.140101931922004
21.9799704734235 20.6266219465644 21.3032962099939 19.7882762654889 20.5405043579754 20.1643903117321 45.9844778451576 0.140239727912895
23.6087070274475 22.0540497822907 22.8313784048691 20.5404556906926 21.4658431380166 21.0031494143546 48.2224425651636 0.147981229239029
24.5159945428928 23.1557050427043 23.8358497927985 21.0944577528524 22.0321019002494 21.5632798265509 49.7020595001414 0.152469844567504
26.6191671155998 24.6992734668184 25.6592202912091 22.4853130851679 23.5315826590262 23.0084478720971 53.1414769434927 0.154825332827832
33.9798735535725 31.7633418991485 32.8716077263605 26.630102773254 28.1062130695027 27.3681579213783 64.268348722478 0.174144582677147
