34.3052130823456 31.7127771375519 33.0089951099487 25.4902662394061 27.025934952337 26.2581005958716 62.2642477342924 0.185619795821824
37.6649705664756 34.7957477725392 36.2303591695074 27.31125086174 28.8955795557237 28.1034152087318 66.989330199574 0.191836111412542
32.9808508888291 30.7700503203598 31.8754506045945 24.9526376885978 26.4227173399166 25.6876775142572 60.7452963403367 0.1823820255183
31.8088885307858 29.827907245728 30.8183978882569 23.7304300606026 25.0761788875014 24.403304474052 57.9216473891842 0.186758282075533
26.1963928538869 24.2009837660618 25.1986883099744 20.1348305175307 21.1502378337757 20.6425341756532 48.644547043404 0.178260058321177
22.7592297650139 21.1110450047541 21.935137384884 18.0286117665577 18.8928270182188 18.4607193923882 43.2492352259934 0.171385424010782
19.4609209538584 18.42881871014 18.9448698319992 15.5721806754195 16.0862551505557 15.8292179129876 37.1428584534121 0.173237321565236
18.4934562975226 17.3130075781239 17.9032319378233 15.361194110484 15.9778287570138 15.6695114337489 36.3915094757477 0.161220298080509
21.4642201965861 20.2359852454381 20.8501027210121 16.8003062242764 17.5201932043189 17.1602497142976 40.3978696060233 0.177076973779833
22.825858134599 21.2793194634603 22.0525887990296 17.9615148842965 18.8890594090341 18.4252871466653 43.2347541893058 0.173245058412309
22.9873963840827 21.5084331143346 22.2479147492087 18.4802504769405 19.3804158932624 18.9303331851014 44.2426001361098 0.168563693610256
24.5583852600073 22.9828030338232 23.7705941469153 19.0695250595215 20.0628667288729 19.5661958941972 46.0606737858133 0.177047240937458
25.636793973601 23.8831906084082 24.7599922910046 20.0224363387023 21.0531149434181 20.5377756410602 48.2677175694918 0.175096037980677
28.4835953367152 26.939953390473 27.7117743635941 21.0897665992122 22.271411507847 21.6805890535296 51.5882390056024 0.189733334233458
38.0237562713529 35.865103191947 36.9444297316499 26.9835031569181 28.7442350716439 27.863869114281 66.7982884713753 0.198654217714857
