37.4318002450648 34.7969145448809 36.1143573949728 28.4012796919615 29.9743511310991 29.1878154115303 68.980088341984 0.181658979430407
42.9212261610237 39.6363343495696 41.2787802552967 31.4345661890614 33.2621340002894 32.3483500946754 76.9454666164718 0.189325984034301
39.725986681233 36.8872050069995 38.3065958441163 29.0078780219717 30.7924940367054 29.9001860293385 71.1805756035228 0.190303223091645
36.5712323983383 34.4367638648103 35.5039981315743 27.4318492490631 29.1690843380132 28.3004667935381 67.0784985433642 0.185112935286997
31.2910695444467 28.728504592308 30.0097870683773 24.5538239659827 25.9368902123166 25.2453570891496 59.1497443436651 0.17149747842322
27.0223827151657 24.9979492990414 26.0101660071035 22.4620113896313 23.4732875359826 22.9676494628069 53.2339603429916 0.158890038556122
24.9189258435967 23.1073577296443 24.0131417866205 20.0846774153746 21.037100118259 20.5608887668168 47.9867036829882 0.16694137659151
25.9732191088059 24.0101456461022 24.991682377454 19.5609197765967 20.7530542968311 20.1569870367139 47.6581122118577 0.182173509489621
23.8900534216056 22.1933829421261 23.0417181818658 20.1921477617755 21.0718932927337 20.6320205272546 47.6683320205934 0.155202709245665
26.1504126610942 24.9562951320909 25.5533538965926 21.0459704404811 22.0581417054649 21.552056072973 50.4677626060403 0.170834059524571
27.0048291916479 25.3662584092034 26.1855438004256 21.8509127410054 22.9136898292191 22.3823012851122 52.2576813080561 0.167388479012564
27.7597494539004 25.7445897981941 26.7521696260472 22.3479534792276 23.3936666655198 22.8708100723737 53.3960755589267 0.167341152105175
28.8755293377047 27.046612342175 27.9610708399399 22.9731896308879 24.0520995936884 23.5126446122881 55.0947555404137 0.171598440943139
32.217954192831 30.368713408067 31.293333800449 24.758269236397 26.0258131366406 25.3920411865188 59.9588506355293 0.18066228301809
38.6193612030573 36.5426142489857 37.5809877260215 27.905521368387 29.6939040800537 28.7997127242203 68.8194905990157 0.194794740802035
