35.3187940745477 32.9639650113136 34.1413795429307 26.5299557714953 27.9438870135368 27.236921392516 64.5463999462163 0.184906308169469
36.9439230298579 34.3585635319224 35.6512432808901 27.3156980913326 28.9304518221962 28.1230749567644 66.8034996623684 0.187699065003919
33.5593654489112 31.5312089620145 32.5452872054628 25.0730630780643 26.4941667126254 25.7836148953449 61.191447096751 0.18663436731284
30.2292511240413 28.1644083918677 29.1968297579545 23.3666045626777 24.5372035143726 23.9519040385252 56.425873557315 0.177899541233912
26.4564077109206 24.7116914118595 25.5840495613901 20.7896222961927 21.7979203691671 21.2937713326799 50.0074670039822 0.174227576287412
22.7990103716806 21.3077552539629 22.0533828128217 18.798899244669 19.5898633625441 19.1943813036065 44.6339445628214 0.162682554254431
19.5731572500469 18.3465543860832 18.9598558180651 16.7169884318498 17.3416691255587 17.0293287787042 39.316817230595 0.154385405952176
19.3448363566453 17.9115816953981 18.6282090260217 16.2346624687231 17.0386859102226 16.6366741894728 38.4604654073186 0.155894049775144
20.5524488378228 19.0594363919804 19.8059426149016 17.0391957040723 17.7608102793514 17.4000029917119 40.3761875726682 0.160235075588795
21.309493569252 19.9722339061315 20.6408637376917 17.4320781181228 18.1594463035771 17.79576221085 41.4694858101585 0.165150593686702
22.7294888170345 21.1938731910152 21.9616810040249 18.5404584674336 19.4681875620203 19.0043230147269 44.2493812067812 0.164192514842316
21.9528596097157 20.6329522702945 21.2929059400051 18.8013888763912 19.5815533649361 19.1914711206636 44.2731592608976 0.153459236723868
24.496594966267 22.8052360105577 23.6509154884124 19.7614200635938 20.7397595280908 20.2505897958423 47.2625790610166 0.166943272702117
27.2575730952319 25.6638808089361 26.460726952084 20.7300194695514 21.8589433983631 21.2944814339573 50.3712281866606 0.182729627459628
31.9516381823447 29.7777539285907 30.8646960554677 23.1569780970545 24.6138702168116 23.885424156933 56.9623539667558 0.192408256861997
