33.1498522569318 30.9875219805409 32.0686871187363 27.2492312952135 28.5691831834525 27.909207239333 64.9001915989939 0.162702169259913
34.4577573712811 32.1699321977663 33.3138447845237 28.4084160310896 29.7256439491615 29.0670299901256 67.5537377946883 0.162033716854406
32.5641741821244 30.4520942876929 31.5081342349086 27.0173461138274 28.2714656706056 27.6444058922165 64.1670566758928 0.160579412089293
31.7431448362546 29.6918149720128 30.7174799041337 25.3430438689309 26.5852425335088 25.9641432012198 60.7702766710831 0.170273099330081
23.2325811172139 21.6876473880152 22.4601142526146 21.3062114467533 22.0926493226126 21.6994303846829 49.2406414629234 0.134606775154826
21.0014847768615 19.378896639953 20.1901907084073 19.5113725451631 20.2132871670028 19.862329856083 44.872408684289 0.129585728598361
16.361063451414 15.4927890814408 15.9269262664274 16.4951564038195 16.9026331946822 16.6988947992509 37.1226847500811 0.111531188032469
15.4108191365245 14.5559007894259 14.9833599629752 15.9011555146927 16.2529256065177 16.0770405606052 35.5250707678896 0.104838624806961
18.4220524695142 17.2655390680548 17.8437957687845 17.3372762033125 17.8933763933175 17.615326298315 39.7617601780985 0.128612649710096
17.8735918889756 16.8858945334455 17.3797432112106 17.5363537093247 18.0354720267863 17.7859128680555 39.7858522168447 0.118465285194957
18.9181456920027 17.9856124199338 18.4518790559682 18.3884753346689 18.7953428958865 18.5919091152777 41.7525811324195 0.122869654577585
20.8644320198398 19.4063538817168 20.1353929507783 19.2380866310577 19.9012314145553 19.5696590228065 44.3432049385867 0.132958036900619
22.6067136016649 21.2422438919216 21.9244787467932 20.1940373098608 20.8518078025954 20.5229225562281 46.9265386295087 0.143271346976551
24.1907321385617 22.6333929268837 23.4120625327227 21.2805051722827 22.1084227518825 21.6944639620826 49.7245395791811 0.146019087313916
32.8211656751386 30.8377646142062 31.8294651446724 26.2884265182896 27.6070209952332 26.9477237567614 63.0498970191003 0.169855710044537
