35.6514568516298 33.3304128295143 34.4909348405721 27.0376977773685 28.5781425934152 27.8079201853919 65.7529160335923 0.182269576351376
39.7956399928662 37.3057490075124 38.5506945001893 28.8130897260875 30.6974024918499 29.7552461089687 70.9989561767325 0.193049385589392
35.5152278172514 33.1454515271335 34.3303396721925 26.7790552242843 28.2583743897836 27.518714807034 65.1487148958599 0.183716524421544
33.696816258488 31.4015443526577 32.5491803055728 25.2597274644987 26.664025877283 25.9618766708908 61.5271909852376 0.184952685917033
27.9454385391035 26.0790228240885 27.012230681596 22.1674980891538 23.2329139952467 22.7002060422003 53.1985139420442 0.171762799050077
26.8642537135672 25.3594499448777 26.1118518292225 20.9651864505747 21.8441912957679 21.4046888731713 50.4334495167604 0.178093496607041
24.1578880667656 22.5546767126296 23.3562823896976 18.9524954991888 19.8201017142901 19.3862986067395 45.5549733601914 0.174927052458445
23.0862973566272 21.5562016563996 22.3212495065134 18.4844824278656 19.4256222909081 18.9550523593869 44.3198000804507 0.169076171359209
23.7597887836181 22.3218979995597 23.0408433915889 18.5016849975208 19.3940892249616 18.9478871112412 44.61404654215 0.177282888593997
24.6668515108424 22.8941372332114 23.7804943720269 19.8290813049324 20.6944617914028 20.2617715481676 47.3401792797755 0.168214219749625
24.5377846911122 22.9895597264634 23.7636722087878 20.1553602092193 21.14413190499 20.6497460571047 48.0355398363018 0.163102434854757
27.0522023211182 25.5174294806324 26.2848159008753 20.7738981449042 21.8336036662205 21.3037509055624 50.3172641380284 0.180948471494064
28.7312442102694 27.1120867490832 27.9216654796763 22.2843696111257 23.5066344400706 22.8955020255981 53.9424156060935 0.178013383279033
30.6024984300149 28.4863079555385 29.5444031927767 23.2149903911875 24.5510695246609 23.8830299579242 56.4406420357879 0.181605561254621
37.555350101787 35.2566345760061 36.4059923388966 26.6268833549838 28.4053843070105 27.5161338309971 65.936505244613 0.198142617883606
