32.1965284080872 30.1709099509152 31.1837191795012 26.5483844369579 27.8154498084034 27.1819171226807 63.1864918062919 0.162289096849038
37.0935437234535 34.6983457788134 35.8959447511334 28.6960342264666 30.2492513739977 29.4726428002322 69.418942126602 0.177684380005023
31.3903094375913 29.7657584314284 30.5780339345098 25.8106534284006 26.9046743849164 26.3576639066585 61.4241799902572 0.165205311968869
28.0016906589573 26.2295285499191 27.1156096044382 23.3787211898749 24.4812311716086 23.9299761807417 55.471696998918 0.159042043751811
24.4729027527242 23.0934834708776 23.7831931118009 20.9843610511566 21.9076021934879 21.4459816223223 49.4688027550554 0.153335007607328
19.9362943574254 18.8066067708173 19.3714505641213 18.3994718081903 19.0263819681231 18.7129268881567 42.4649799315251 0.13464291784309
16.3236031893371 15.3977911076307 15.8606971484839 16.1147484610842 16.5816855048387 16.3482169829614 36.5029846363592 0.116420973443272
16.5698403229393 15.1906544273223 15.8802473751308 15.5277294980753 16.0735335792663 15.8006315386708 35.5960362651429 0.126411820249854
17.5576610423083 16.4347643974613 16.9962127198848 16.0422323748921 16.5253387555826 16.2837855652374 37.0265260599526 0.136913953810494
17.5569453902931 16.4167045818021 16.9868249860476 16.9017034626454 17.4311019925934 17.1664027276194 38.5225948717624 0.122034577744776
19.1177790453606 17.661053703125 18.3894163742428 17.592545017618 18.2739182008054 17.9332316092117 40.6015710934966 0.132020485160101
21.0878695476361 19.6371868947242 20.3625282211801 18.5265168255417 19.2639227325261 18.8952197790339 43.2941810192465 0.145638461090717
22.875878064413 21.28011894584 22.0779985051265 19.3002869347234 20.1405893242748 19.7204381294991 45.5879943096474 0.155856528396646
23.8612818545683 22.2959847902921 23.0786333224302 20.2481705002272 21.1396064538843 20.6938884770558 47.7959533981905 0.154832583812943
29.7597054389288 27.6715552040725 28.7156303215007 22.95846149663 24.1531266474943 23.5557940720621 55.4934026318091 0.177914072054696
