33.9015747193481 31.6640212377909 32.7827979785695 28.2951939540415 29.5749517481064 28.935072851074 67.071977574656 0.159008272069487
37.1821646879081 34.5486663464433 35.8654155171757 30.227017623729 31.7607755058715 30.9938965648003 72.1875350163897 0.164544362233772
33.3659577935683 31.2963508714135 32.3311543324909 27.7404709072266 29.0007113748438 28.3705911410352 65.8504999929442 0.160541556317769
28.2272400245205 26.5325462591441 27.3798931418323 25.2294027464654 26.0946650683137 25.6620339073895 58.6596772924249 0.142927281292649
26.8188088130984 25.3733194865199 26.0960641498092 23.7219565713505 24.4858021863034 24.1038793788269 55.2889236605915 0.146888490264308
22.6988281086991 21.5194488743052 22.1091384915022 21.2567170442244 21.9324324671867 21.5945747557056 48.872153419184 0.131584066184756
22.000136810389 20.083729660425 21.041933235407 19.4085987634061 20.0747071885418 19.7416529759739 45.1156971028318 0.142652470837643
17.7454588278591 16.921991383534 17.3337251056966 17.5066187758942 17.9313754814499 17.7189971286721 39.6474353322013 0.11878327662364
19.4037815840083 18.6106678271558 19.0072247055821 18.4386756360581 18.9960113235082 18.7173434797831 42.2752087670717 0.12930579098294
21.7244768183659 20.3633105538737 21.0438936861198 19.9460230715718 20.6891223129666 20.3175726922692 46.1124262268928 0.134791712703911
21.574807012367 20.1319026541937 20.8533548332803 19.9659070067312 20.6549168188677 20.3104119127995 45.9978294183885 0.132370668203951
21.7294062777188 20.3414494714817 21.0354278746003 20.6661412087019 21.2844577219787 20.9752994653403 47.2281734663796 0.125804509833572
25.1232676862671 23.6552739514078 24.3892708188374 22.0168693168283 22.8704752046482 22.4436722607382 51.5258519726607 0.147892630360615
25.5562576402621 24.2446338796582 24.9004457599601 22.6746915176929 23.4766354019292 23.0756634598111 52.8892144173311 0.145995531384041
32.7594186588838 30.7064733534844 31.7329460061841 26.2104627866776 27.6435785562216 26.9270206714496 62.9699829353192 0.169271262937854
