33.4171426012362 31.5533462270607 32.4852444141485 26.0819596850749 27.4140005285381 26.7479801068065 62.9629487823732 0.176966420098974
34.3209838396301 31.9807107402065 33.1508472899183 26.6827719588155 28.0284966709497 27.3556343148826 64.3630588089199 0.176413203730825
31.1638323481374 29.1410593577171 30.1524458529273 24.6748666197749 25.8021898603717 25.2385282400733 59.1985734166592 0.172781805134436
28.2615252448107 26.653855947558 27.4576905961843 22.895949912129 23.8940441264307 23.3949970192798 54.6606681208328 0.168212760954553
23.9925137342202 22.5709884152148 23.2817510747175 19.8249652459517 20.6802205380417 20.2525928919967 47.1003760899109 0.162823356522505
19.4789596158937 18.3404729841363 18.909716300015 17.6502832443582 18.2743770974754 17.9623301709168 40.9278695052861 0.139269491091787
16.6045998117722 15.6492169559231 16.1269083838476 15.3662969447182 15.7361133156505 15.5512051301843 35.3052963298569 0.135130558509921
16.6750571395115 15.4741469523434 16.0746020459274 15.0087474445967 15.5567022379041 15.2827248412504 34.8148992854697 0.13902787778718
16.8409091405552 15.8739194293195 16.3574142849373 16.1283382970419 16.62989426375 16.3791162803959 36.8407921154885 0.124626978794428
18.8578793960226 17.7138891736629 18.2858842848428 17.026567797516 17.6407770243903 17.3336724109531 39.5151874681895 0.139838879244653
19.5928812070354 18.4012317498224 18.9970564784289 17.6961538147083 18.3671743078717 18.03166406129 41.0933141480469 0.139476478941985
20.677346352653 19.67643316007 20.1768897563615 18.3333467197322 19.0002418542834 18.6667942870078 42.801126471707 0.146450906717734
21.4914485806283 20.2234027847186 20.8574256826735 19.2419483379511 19.9273037986289 19.58462606829 44.7480833044073 0.142428840570515
24.5504797565668 23.2719670564759 23.9112234065214 20.157858176367 21.0103884964902 20.5841233364286 47.9834274075873 0.165544595301492
32.4165130275864 30.3977681468451 31.4071405872157 24.8202719545012 26.209552426914 25.5149121907076 60.2336289255858 0.180361281970678
