34.5320573706801 31.8829286554131 33.2074930130466 27.6715695413356 29.1454429593704 28.408506250353 66.3150208223382 0.16716838678405
39.0393561047006 36.1853322918181 37.6123441982594 29.9946846694015 31.8881359496608 30.9414103095312 72.848269596617 0.177196980807575
35.7675292465506 33.1250703562234 34.446299801387 27.9783290056557 29.5580206511965 28.7681748284261 67.5104995377163 0.17335388741813
31.5301047414367 29.417137502647 30.4736211220418 25.7454885840151 26.8808419330706 26.3131652585428 61.2967800541438 0.164754970598668
27.7040874960166 25.6786149117678 26.6913512038922 23.1723513398257 23.9932280704214 23.5827897051235 54.652529637324 0.158737586195122
25.1391490810703 22.993736615248 24.0664428481591 21.2615970090579 22.2677246946333 21.7646608518456 50.1700888690562 0.152558480248541
21.8209674543861 20.125577227284 20.9732723408351 18.1135500416308 18.8534539948233 18.483502018227 42.859870283914 0.159408813374459
24.3567799080171 22.5880066837401 23.4723932958786 19.2069436827211 20.0817968159242 19.6443702493226 46.0785257922695 0.17281758609336
22.8769032027325 21.5513608487257 22.2141320257291 20.115627098942 20.8978379188202 20.5067325088811 47.0441120506254 0.14704066165225
23.749782502494 22.1674072301547 22.9585948663244 20.9150788138213 21.6713864332514 21.2932326235363 48.7946353005742 0.14577800757785
25.8102766581993 24.3156576684119 25.0629671633056 21.691867458645 22.6198946286356 22.1558810436403 51.339465162552 0.158596786591989
25.8373117642336 24.4608604178564 25.149086091045 22.1640479831693 23.0235385151421 22.5937932491557 52.160999749721 0.154321436301322
28.2434525281508 26.1052747788747 27.1743636535127 22.9862109009789 24.0825910305095 23.5344009657442 54.7870620777355 0.163978257986712
30.3713397916106 28.2931227223556 29.3322312569831 24.202652826486 25.4090027249834 24.8058277757347 58.0527137315682 0.170142642616344
40.4229974442121 37.7282726782012 39.0756350612067 30.0435410122012 31.9252514108041 30.9843962115026 73.5208079815915 0.186416664048108
