34.3718072649934 32.0531314296322 33.2124693473128 24.8883818437725 26.3517250906066 25.6200534671895 61.139249285695 0.193191289861932
37.7725759522287 35.3452535706607 36.5589147614447 26.6802410306476 28.4225044082858 27.5513727194667 66.0596004611424 0.198844085443106
35.0323352675624 32.8939465080431 33.9631408878028 24.9252987911512 26.4832117321311 25.7042552616412 61.5780915918091 0.197819017999384
32.1702850448077 30.1694897940191 31.1698874194134 22.9540067968254 24.3795440923951 23.6667754446103 56.6599963768984 0.197036675095544
29.03666426359 27.2078891243521 28.1222766939711 20.6802170549542 21.8996382773291 21.2899276661417 50.9999667266527 0.197748708365978
23.0798678480578 21.1652407820957 22.1225543150767 18.3163903345811 19.0657653520199 18.6910778433005 43.7515231081752 0.170385236072867
22.2906175778173 20.6613653469615 21.4759914623894 16.8118165014435 17.8226416369614 17.3172290692024 40.9460351342613 0.182234033246152
22.1428446715436 20.6379066391778 21.3903756553607 16.8278520573299 17.8745690109469 17.3512105341384 40.9745390653846 0.180740069540607
22.2228480580738 20.6341065931507 21.4284773256122 17.4701182711713 18.3827061426061 17.9264122068887 42.0525958500323 0.172922818149649
21.5258022527527 19.8590730658627 20.6924376593077 17.3771985633535 18.0833715862817 17.7302850748176 41.3738221409654 0.16675569418026
25.1770722068437 23.3093365474862 24.243204377165 18.8520719727885 19.9860847817645 19.4190783772765 45.9803183732151 0.183895483603888
24.7659496148099 22.9305442257494 23.8482469202796 19.4440950697853 20.4290829682346 19.93658901901 46.775383451017 0.173103969952322
26.3381105466421 24.4439155989629 25.3910130728025 20.2096998607851 21.3500655256681 20.7798826932266 48.9784151359893 0.178505573372517
28.0201830347404 25.7713542891182 26.8957686619293 21.0890538666273 22.2682250552604 21.6786394609438 51.2628787212534 0.182336161215479
36.8466106902727 34.1764465087711 35.5115285995219 24.7247932251955 26.4426099757707 25.5837016004831 61.8888370457607 0.209536407440588
