26.4146542899309 25.4650254131983 25.9398398515646 20.726952080182 21.7411786496667 21.2340653649243 50.0463895243867 0.178445781914571
28.3182934145968 26.8753852535912 27.596839334094 22.1374000334309 23.3009452082125 22.7191726208217 53.4813075107971 0.177008256493075
26.4637297405259 24.9977396601924 25.7307347003592 20.7925336570191 21.8517977311789 21.322165694099 50.1217731857166 0.175344331921875
23.7138014553884 22.5767626556657 23.145282055527 19.2893777863667 20.3087302146102 19.7990540004885 46.2183763947017 0.167186482585516
19.1886437202728 18.1279837211705 18.6583137207217 17.3006100446914 17.8408505801357 17.5707303124136 40.1187687471279 0.141636347317456
15.3347368363593 14.6294333702108 14.982085103285 15.5313010843005 15.8279081585396 15.6796046214201 34.8732131768926 0.112056522434626
11.120746708011 10.6295015724901 10.8751241402505 12.8241329259534 12.8180033801902 12.8210681530718 27.6122035990693 0.0768292964909355
12.2584337247696 12.1661686535077 12.2123011891386 12.3884208680523 12.5112337536446 12.4498273108485 27.8765634494825 0.119556229715392
11.0332915251832 10.5119486932933 10.7726201092383 12.8029104092536 12.9115708711074 12.8572406401805 27.5938624357123 0.0730864890821907
14.6855802076698 13.83875695453 14.2621685810999 14.2591536119032 14.7012493770145 14.4802014944588 32.4564090179589 0.120716760411763
15.7448692474041 14.4121252201125 15.0784972337583 15.2442700540555 15.7071253350552 15.4756976945554 34.5925093018313 0.11763973374853
18.5174183343625 17.1878482567786 17.8526332955705 16.1483162543475 16.7575301158755 16.4529231851115 37.7591909705717 0.147491863474465
18.3475327893859 17.1606703527402 17.7541015710631 16.0855011577016 16.6191906562036 16.3523459069526 37.5336350630014 0.147652920155115
21.1624383104073 19.8831608679227 20.522799589165 17.2166425185911 18.1628580539932 17.6897502862922 41.2246417331066 0.165212653257509
27.0428929620765 25.6854078418686 26.3641504019726 21.1703263068203 22.3251247979647 21.7477255523925 51.1724883093447 0.176502071126126
