33.6021813692073 31.7263941989277 32.6642877840675 24.5019522432318 25.9515462917026 25.2267492674672 60.1862319130333 0.192905024640855
38.8986314889159 36.5447707458648 37.7217011173904 27.1075413345606 28.9521152234266 28.0298282789936 67.3961531938401 0.202222013688697
34.4205052734473 32.4123787725343 33.4164420229908 25.0370069071105 26.7076680845564 25.8723374958334 61.6948189028662 0.192293099005875
31.7706960596948 29.5839176346944 30.6773068471946 23.229143700997 24.6293815272561 23.9292626141266 56.9739615168857 0.190466301357134
28.0921357137888 26.6088978544032 27.350516784096 21.1295621518376 22.3210687733866 21.7253154626121 51.5315952626481 0.185980368186845
24.7280945966403 23.3264816872342 24.0272881419372 18.3270934700429 19.4758689336078 18.9014812018253 44.9242879354991 0.188380091904141
21.9746557926325 20.2410807685107 21.1078682805716 16.3196432562726 17.2727888738229 16.7962160650478 39.8252368852727 0.185541931916062
21.3442891527246 19.6823223732275 20.513305762976 15.9356920135021 16.9066595206132 16.4211757670577 38.8870047434805 0.184050560541809
22.8852436558987 21.5358039394863 22.2105237976925 17.5098429907941 18.5175274428544 18.0136852168242 42.540369087977 0.180779184712455
23.1687898765313 21.6949302373204 22.4318600569258 17.6627698705907 18.6123080123032 18.1375389414469 42.86076238179 0.181548459252291
24.3638941692726 22.9134861007706 23.6386901350216 18.3539790082469 19.4138917047469 18.8839353564969 44.738565813297 0.184566801588446
25.8248021321399 24.322881555102 25.073841843621 19.454007227239 20.6401541235495 20.0470806753942 47.4859048817823 0.184359599551733
27.2884786399202 25.633338525531 26.4609085827256 20.0273408468236 21.286323897921 20.6568323723723 49.1744172959895 0.190270037766253
29.3790853981173 27.4884801167298 28.4337827574236 21.1780387948111 22.4884502474758 21.8332445211434 52.1513680946063 0.194310997710458
36.4327413613471 34.7962948175352 35.6145180894411 24.6291916568482 26.4158057630305 25.5224987099393 61.8039387280007 0.210773667390415
