31.9579860469402 29.9783346021553 30.9681603245477 26.1756595187037 27.3078013612457 26.7417304399747 62.2943231760404 0.16473994298664
36.5046965231311 34.399232997567 35.451964760349 28.8361766774303 30.3984141683135 29.6172954228719 69.498419822567 0.173274244495954
31.8285094103255 30.1730791279759 31.0007942691507 26.4464519320498 27.6372263868742 27.041839159462 62.8507254106489 0.162101531630796
28.2399254945116 26.4690790462664 27.354502270389 23.9486089897691 24.8210985157387 24.3848537527539 56.3965457455813 0.156384744345906
24.9717651050257 23.6276367549491 24.2997009299874 21.8629737321097 22.7387630610806 22.3008683965951 51.2304765627397 0.148620664712805
21.1777715395344 19.8245772064545 20.5011743729944 18.4069046753632 19.2612693608393 18.8340870181013 43.2560554527135 0.148344897502608
16.8864417895162 15.9737366167436 16.4300892031299 16.2334749933323 16.7692756796098 16.501375336471 37.0878657154196 0.123781047312122
15.6854703207475 14.7923848233483 15.2389275720479 15.351852598831 15.7871035223972 15.5694780606141 34.8423824432832 0.11893225667672
16.3556329718155 15.3376834110253 15.8466581914204 16.0157615297256 16.4748908098571 16.2453261697914 36.3235283389868 0.117968576295234
18.2231991194971 16.8052732097225 17.5142361646098 17.1943102808158 17.7786531889186 17.4864817348672 39.360177207988 0.125445867406984
20.0076192552944 18.7065602886119 19.3570897719531 18.0510958036365 18.6289739905712 18.3400348971038 41.8143277388776 0.139974050580481
19.4814275940863 18.4652647163046 18.9733461551955 18.4177563790189 18.8991878851553 18.6584721320871 42.1564652333925 0.129686957617922
22.0840713891702 20.6538590402479 21.368965214709 19.7220896758413 20.3931402307321 20.0576149532867 45.8327893628818 0.142528398057903
24.2474174381998 22.6251614540351 23.4362894461174 20.7199754688846 21.6256305439405 21.1728030064126 48.8175105586411 0.152835327090508
30.4983167219595 28.4294838167229 29.4639002693412 24.2649745190826 25.4304780495839 24.8477262843332 58.1864332206434 0.170860314437113
