41.2420371192538 38.0667926161812 39.6544148677175 28.3577322794959 29.6854280243168 29.0215801519063 69.9903117247811 0.205832200700894
42.8981936050023 39.5888302367732 41.2435119208877 28.9794945121181 30.5141022950606 29.7467984035894 71.9439256036288 0.20927174460139
39.9553752719955 37.2567220836957 38.6060486778456 27.5175141700261 28.9665472271911 28.2420306986086 68.1161104324511 0.205935068185571
36.0896183368942 33.9590566561592 35.0243374965267 25.6581384498082 26.7010722806458 26.179605365227 62.873488844749 0.200810477614392
33.0431105287405 31.261100646069 32.1521055874047 23.9509150681824 25.1552397328878 24.5530774005351 58.7136088305998 0.195646636729134
30.4199500118776 27.8873973451493 29.1536736785134 21.5399213585644 22.6623964657209 22.1011589121427 52.9285723991916 0.197416221692154
26.9541990670377 24.410989432684 25.6825942498608 19.4741435060939 20.0509105534307 19.7625270297623 47.1848161412478 0.193795107027246
23.9871663430912 22.4832939632456 23.2352301531684 17.8904246412553 18.621620376606 18.2560225089306 43.4012234784213 0.188682350089949
26.487710047506 24.4135452334719 25.4506276404889 19.0902632588914 20.0037760061849 19.5470196325382 46.6882846841767 0.194255839556708
26.9455961214109 24.8804794004399 25.9130377609254 19.7291805591665 20.8228928306814 20.276036694924 48.2448207418253 0.189700469271275
26.3732718662438 24.0116893785219 25.1924806223829 19.9427034009474 20.8807603309693 20.4117318659584 48.2137646938165 0.181030718275915
27.2258632737187 25.5048196724287 26.3653414730737 20.5786646762854 21.567590549478 21.0731276128817 49.9195785062751 0.184436867258374
28.6833601725512 26.4672939911997 27.5753270818755 21.3974890352453 22.5811978657515 21.9893434504984 52.1152950392433 0.185012530195896
31.0899311317682 28.6998442141274 29.8948876729478 22.3881070165953 23.5818443242469 22.9849756704211 54.8878958381123 0.193995082377798
39.5377127194409 36.918226276289 38.2279694978649 26.6915514707874 28.5868087284626 27.639180099625 66.8149328274426 0.208699617474346
