38.7858758705372 35.3505098688916 37.0681928697144 27.4765026666719 28.9102996731143 28.1934011698931 67.4737604151704 0.196623280897794
38.1000571222932 35.1053038200783 36.6026804711857 27.1467628614402 28.4124753301308 27.7796190957855 66.5123359063669 0.197142690780408
35.2818249443928 32.2442469298501 33.7630359371215 26.3450288861804 27.5110507147313 26.9280398004558 63.8179177426725 0.184971468691759
33.8837605528357 31.2598743072167 32.5718174300262 24.4973011130963 25.6432773703518 25.070289241724 59.8543761287701 0.19373126396076
28.7963139774506 26.4527729019877 27.6245434397191 22.0781236845163 22.7628337747074 22.4204787296119 52.9393282094001 0.180602092574419
26.8994634567418 25.0299698109312 25.9647166338365 20.4718056343988 21.3518543181971 20.911829976298 49.4578128035295 0.182531917569774
22.2589966216129 20.714434079884 21.4867153507485 17.8514733584629 18.4464343331843 18.1489538458236 42.4850609814451 0.170454819114042
21.2272969623953 19.2803771767671 20.2538370695812 16.8143103135716 17.5714061230144 17.192858218293 40.2029054311932 0.169174575883426
20.8277616958464 19.3131599015142 20.0704607986803 17.7967620351032 18.4458273615135 18.1212946983084 41.7874728043696 0.152993577447598
23.1776630812677 20.7101365911493 21.9438998362085 18.7094846355441 19.3266791318967 19.0180818837204 44.2662066273439 0.163792618466853
23.8086448000825 21.4912143642112 22.6499295821469 19.4409371528006 20.1751747264123 19.8080559396065 46.0113812522086 0.161431020603293
23.545461667647 21.9382874417481 22.7418745546975 19.6006964577515 20.3307982597391 19.9657473587453 46.3370355740595 0.160413250289957
25.5793734047786 23.5131986960387 24.5462860504086 20.4494085400858 21.2885394413464 20.8689739907161 48.7822240961749 0.168773896547968
27.0539636060858 25.0094786115137 26.0317211087998 21.2452916051806 22.0915351671707 21.6684133861757 50.886255430456 0.174203540507518
35.5884147592698 32.6657395706294 34.1270771649496 25.5696504963148 27.1012587762762 26.3354546362955 62.841649175777 0.193099759310187
