35.5989468484937 33.0311138815076 34.3150303650007 28.5892307284075 29.8933964580391 29.2413135932233 68.3182895856468 0.168180926069608
35.8613849442184 33.5865058369504 34.7239453905844 29.0950382171011 30.4543528608695 29.7746955389853 69.4684214545216 0.166568124324959
33.2598650909254 31.2377820897351 32.2488235903302 27.4359261949293 28.6963164865947 28.066121340762 65.2650059262753 0.162700843730183
29.829301018863 28.1323927613789 28.980846890121 25.1257872310298 26.0351046606705 25.5804459458502 59.2953234417433 0.158997062976583
28.0502971748369 26.2385122136598 27.1444046942484 22.9737416586185 23.8320552907148 23.4028984746666 54.5357852886984 0.165150234440679
24.614375227117 23.0012850054377 23.8078301162774 21.4912771552084 22.2169226047098 21.8540998799591 50.2016429036205 0.148563500198354
21.4945762337156 20.0158206680777 20.7551984508966 19.2156236731607 19.8876055594509 19.5516146163058 44.6382707740325 0.141549474302873
19.7859512663637 18.6553614057518 19.2206563360578 18.1851811720643 18.733161343004 18.4591712575342 41.9486160054808 0.136254044676009
21.1505368951707 19.8742746470486 20.5124057711096 19.3397031748165 20.0752337696228 19.7074684722196 44.7811235286828 0.136146014690013
22.6553115220063 21.1764068570726 21.9158591895395 19.9993778990993 20.774406353583 20.3868921263412 46.684751512603 0.144969797831109
23.7119911377846 22.2466858833933 22.979338510589 21.211999984253 22.1066435124444 21.6593217483487 49.4435279420597 0.141391418358454
23.1802723340319 21.6626091912612 22.4214407626466 21.3670960824889 22.1444463127987 21.7557711976438 49.3165244439329 0.133412463201349
25.2656640539688 23.7124451460339 24.4890546000013 22.4357926147614 23.2926427236948 22.8642176692281 52.3122122524726 0.143975556243878
27.6878205484353 26.1711287161926 26.929474632314 23.6359730740831 24.6554673742697 24.1457202241764 55.769112058974 0.154844658622651
35.4128609276313 33.5183981820179 34.4656295548246 27.9446920783383 29.4361622042972 28.6904271413177 67.3759069772153 0.174187938111696
