34.3324568931256 32.439372623608 33.3859147583668 28.2339773519956 29.1034525120589 28.6687149320272 66.8665545074346 0.166193787652734
37.8049127658414 35.4001881356658 36.6025504507536 29.5940874512855 30.5503044668671 30.0721959590763 70.821292832584 0.177521138279378
35.3579438732212 33.3620380901505 34.3599909816859 28.1296967035992 29.1654742761874 28.6475854898933 67.2522676118147 0.173785965933166
32.1581468245438 30.1590211171023 31.158583970823 26.3328317221659 27.1599653120853 26.7463985171256 62.3879968060381 0.166287804432649
30.0309405990149 28.0992061344496 29.0650733667322 24.9682198371218 25.7416860500294 25.3549529435756 58.9292040009227 0.162084665115778
28.3927518422398 26.3508440367202 27.37179793948 23.2280663119914 24.0485398451133 23.6383030785524 55.0638499678826 0.164716641987794
23.1528617516068 21.9584565925719 22.5556591720893 19.7862927991471 20.2946612806907 20.0404770399189 46.3841477148359 0.157261566739222
23.1424347562007 21.5755082388317 22.3589714975162 19.4845404258812 20.2906196752635 19.8875800505723 46.0186946474287 0.156970695539813
24.5006139936308 22.7470632860614 23.6238386398461 20.8633919823432 21.5694916448378 21.2164418135905 48.9849519121293 0.154410158463784
24.7922542680296 22.8726343011322 23.8324442845809 21.5643624459541 22.2836388687828 21.9240006573684 50.3367115488384 0.147981892892363
25.5931713347648 23.8204634369059 24.7068173858354 22.0641755051476 22.889569642529 22.4768725738383 51.740437829712 0.150970573413641
25.8677889522599 24.2470438739855 25.0574164131227 22.3157773577605 23.1054620625203 22.7106197101404 52.3240190102668 0.151972506212675
27.9871805989246 26.4423553001912 27.2147679495579 22.8191709431476 23.6576300198274 23.2384004814875 54.2687102316295 0.167651583310603
28.43894264395 26.8220454849355 27.6304940644428 23.9288448968756 24.87203179047 24.4004383436728 56.5537970711348 0.158868465283116
36.8103153627951 34.0926984251753 35.4515068939852 28.0668910431965 29.4376604395088 28.7522757413526 67.9003851606261 0.180782797359049
