33.4884964463372 31.3447837149512 32.4166400806442 26.3388357827355 27.5652222372 26.9520290099678 63.3101820228683 0.174497511846956
36.1848545242992 33.9940311832046 35.0894428537519 27.1811224708851 28.6962054716906 27.9386639712879 66.2365331408603 0.185391921548763
30.263296520166 28.3789289060047 29.3211127130853 24.8952525769119 25.8625692790619 25.3789109279869 59.0886560466999 0.164129071857437
29.0873696071269 27.2513529858252 28.169361296476 23.2206094526672 24.1711657058394 23.6958875792533 55.5199784684871 0.171510843026979
25.7242921383575 24.0786256945898 24.9014589164737 21.3374211825285 22.3184697570453 21.8279454697869 50.6765928101639 0.160819117866768
19.555396503934 18.1437927942804 18.8495946491072 17.9140911165738 18.5433730997116 18.2287321081427 41.3551835361469 0.134340646700099
17.6298430392568 16.4474149643465 17.0386290018017 14.9237688446559 15.4838035994924 15.2037862220742 35.1549539116186 0.156124974336245
17.207919410468 16.2696832299595 16.7388013202138 15.1211678059455 15.6403067105283 15.3807372582369 35.323123890184 0.148290985572468
17.5826111819427 16.7335270317362 17.1580691068394 15.9940066850036 16.4902219156452 16.2421143003244 37.0390744272702 0.140217146068552
19.0228145993309 18.0887328778333 18.5557737385821 17.2401813148811 17.8563419460215 17.5482616304513 40.0269182728095 0.140481009336881
19.4999609931355 18.5522886906453 19.0261248418904 17.7350220468258 18.3543601930029 18.0446911199144 41.1309747182708 0.139697389247025
21.4809995126641 20.2113143699766 20.8461569413203 18.9322534492744 19.6057430527999 19.2689982510372 44.1910878757792 0.146688771778795
22.6073373678549 21.2703515580556 21.9388444629553 19.4329146626354 20.182334838801 19.8076247507182 45.6764501077325 0.153001702187345
25.6704612333225 24.1572547350011 24.9138579841618 21.0640650281297 22.0532081654703 21.5586365968 50.1969753437816 0.164196425835956
29.8035657390471 28.184318232654 28.9939419858506 23.1439757853301 24.4416518974511 23.7928138413906 56.0473695878908 0.177821378369071
