37.9685594477404 34.3927128484139 36.1806361480771 28.0464917899313 29.4404932419757 28.7434925159535 68.176372240896 0.185944474267629
44.5014906725172 40.9538908761704 42.7276907743438 31.0777000421933 32.9625810314921 32.0201405368427 76.8606306382468 0.200191962771215
40.2729498524589 36.9692878559335 38.6211188541962 29.5598199129211 31.1263135802622 30.3430667465916 72.1373825189941 0.188696302872833
35.8065832598025 32.7810059835499 34.2937946216762 26.866441679749 28.1598358081617 27.5131387439553 65.123666204986 0.183501213929905
33.2688439458483 30.7416518422789 32.0052478940636 25.7732741026618 26.7691980089047 26.2712360557832 61.8819502963758 0.177751023305078
32.1347655137366 29.2721445737181 30.7034550437274 23.8510390370986 24.8643928313814 24.35771593424 57.7908922669772 0.186295390401111
27.8335274708981 25.9993224613033 26.9164249661007 21.3318213745579 22.2640136511443 21.7979175128511 51.4933463921228 0.181152886778395
25.8343090066281 24.1183419550707 24.9763254808494 19.8817615232634 20.7170668704136 20.2994141968385 47.9168339800761 0.180251644590285
25.6777965102243 23.5775666968275 24.6276816035259 20.6797715541144 21.5172571034848 21.0985143287996 49.2355303613371 0.166800884508971
25.5125463849399 23.3642450471735 24.4383957160567 21.1807263863004 22.0338541157377 21.6072902510191 50.0664090926422 0.158553629608434
28.3539165838222 26.4212002329622 27.3875584083922 22.4570562073367 23.5260717173184 22.9915639623275 53.8936447265953 0.172030854771383
30.8379008212583 28.856091718617 29.8469962699377 23.6045213731009 24.8572203472554 24.2308708601782 57.2107059558467 0.180533425438469
30.9304881868369 29.3077949658127 30.1191415763248 23.9550651496574 25.08312821751 24.5190966835837 57.8573168590175 0.179841933119721
32.548423499446 30.3168880019243 31.4326557506852 24.8072320449239 26.1489910783743 25.4781115616491 60.1756415841953 0.180928214373129
43.9782790573816 41.1897214642223 42.584000260802 30.6442660485765 32.6963735765929 31.6703198125847 76.1363911849273 0.202014877580638
