36.2405709337756 33.8346201464681 35.0375955401218 26.2537595716002 27.9159925612362 27.0848760664182 64.607045406403 0.19267751582049
40.0415246926071 37.5139156344911 38.7777201635491 28.3773265459909 30.2497871900605 29.3135568680257 70.2413094683458 0.198102805889156
35.4957874974076 33.642207145133 34.5689973212703 26.351393554476 27.9163953740783 27.1338944642771 64.5205329612379 0.188928722454159
33.7411394649597 31.4521510417121 32.5966452533359 24.2319924276041 25.7267819314504 24.9793871795273 59.690791049163 0.194800949682318
30.0396246861528 27.9355607048763 28.9875926955146 22.0663990309183 23.2448604678709 22.6556297493946 53.9196803128965 0.189984143220237
26.5568803276469 24.4905464662129 25.5237133969299 19.8720087988179 21.1491021266148 20.5105554627164 48.5318042857003 0.183093368044571
22.0175558856498 20.2646068919682 21.141081388809 17.233952755225 17.8696593323305 17.5518060437778 41.2420545854505 0.174866406413802
21.2803857183188 19.6601275411141 20.4702566297165 16.4535435648275 17.2657529478372 16.8596482563323 39.6841107028655 0.176896163535338
22.7526617737502 20.6039522307562 21.6783070022532 17.7396406982426 18.6605870132645 18.2001138557535 42.6614694957991 0.172011060862479
23.9582775685512 22.4499545325487 23.2041160505499 18.8874778829178 19.833409995321 19.3604439391194 45.4428572664846 0.173600600517829
24.760267042638 23.3759487891874 24.0681079159127 19.3015732591704 20.3279594797698 19.8147663694701 46.6439671628352 0.177000179893684
27.4328702294544 25.3033057542199 26.3680879918372 20.5046120329947 21.7308791478799 21.1177455904373 50.0040977721887 0.183935509546814
27.7274668241109 25.9207490793652 26.824107951738 20.9999345381051 22.1583692480944 21.5791518930997 51.0484876459339 0.182819600576091
30.7613117868281 28.9004851961347 29.8308984914814 21.8107535470909 23.0766031480291 22.44367834756 53.8309006206987 0.199244165485714
36.2728371128291 34.2408714211819 35.2568542670055 25.3483729696198 27.0099621940345 26.1791675818272 62.9554591909651 0.202396122683957
