38.082406388473 35.1076285062878 36.5950174473804 26.8423353634242 28.4124743509393 27.6274048571818 66.2183651353447 0.198418119212725
37.3233444419671 34.1226020762671 35.7229732591171 26.5962359857699 27.923237298352 27.259736642061 65.1958430700247 0.195826722871368
37.4780034069136 34.528739642747 36.0033715248303 25.7528659908677 27.1683151361768 26.4605905635223 63.7613541672463 0.204836188636425
30.6427557926957 27.8636252740206 29.2531905333582 22.9837430082295 23.9163024389012 23.4500227235654 55.5158202153782 0.183705040924955
28.617656337636 25.8392486632435 27.2284525004398 21.3553930286142 22.3579302020822 21.8566616153482 51.7288314367346 0.183365336095278
24.7589610828377 22.7459325783888 23.7524468306133 18.6982960985136 19.4327452718994 19.0655206852065 45.1234033582151 0.18337715773028
20.2493529388384 18.5339553223354 19.3916541305869 16.059691421777 16.4623269960831 16.26100920893 38.1260664234871 0.172315504333812
20.6885401135511 18.6541682492964 19.6713541814238 16.5644372636591 17.2595588097681 16.9119980367136 39.4349068916594 0.165885509389597
21.7602480159994 20.0404273043249 20.9003376601622 17.456659611726 18.2738491708714 17.8652543912987 41.7111125051626 0.16738087215478
23.8105460690548 21.9837802788088 22.8971631739318 18.3636686979732 19.4030633478614 18.8833660229173 44.4348962232835 0.17656185262088
24.3758939867257 22.4722645526203 23.424079269673 18.8724094462824 19.8588781808269 19.3656438135546 45.5454915742283 0.175935383628961
26.0162207525294 24.0765872913798 25.0464040219546 19.6911284178617 20.6460960008572 20.1686122093595 47.701864187887 0.182576760679407
27.1779929277974 25.0027273335421 26.0903601306698 20.3192402507204 21.5008788354775 20.910059543099 49.5049649329628 0.18375954001769
28.0706503729228 25.9528498539503 27.0117501134365 20.9795368600328 22.1952827226306 21.5874097913317 51.1390317030004 0.184464282591583
36.5304202829765 33.2552398223348 34.8928300526557 25.0337558283906 26.6813368267401 25.8575463275654 62.2064752761026 0.202868874100932
