38.7652973643912 36.2668728008527 37.516085082622 26.5857079500539 27.8876187053071 27.2366633276805 65.7890486514952 0.207729593379269
40.5403056550572 37.6628661966668 39.101585925862 27.6209041863868 28.8573810484709 28.2391426174288 68.2801362804 0.20896263044223
38.6925645353619 35.8508611206925 37.2717128280272 26.0922892629128 27.4986350437681 26.7954621533405 64.8465189020724 0.210027998975719
34.5678133517002 32.0848727163759 33.326343034038 24.0502090206927 25.0425300202446 24.5463695204687 59.1234130494836 0.204320928196364
31.2259308089861 29.3822181847141 30.3040744968501 22.2563545341806 23.0147190700144 22.6355368020975 54.3695527400229 0.200977763756519
27.4540558623098 25.4333998480804 26.4437278551951 20.2195862202895 20.9574086467438 20.5884974335167 49.0386834577436 0.190924291976547
25.060109539993 23.346449668204 24.2032796040985 18.2305345815368 18.6706689192139 18.4506017503753 44.1364618095358 0.196071066046342
25.267308861386 23.2824983252206 24.2749035933033 17.9962567300095 18.806979787223 18.4016182586162 44.0692684345578 0.197429155827728
26.6967721090559 24.9550233211216 25.8258977150888 18.9839970594249 19.8534337234784 19.4187153914516 46.5812085843417 0.199389548827916
27.4053048671161 25.594921070492 26.500112968804 19.5372128357657 20.6499846365547 20.0935987361602 48.1188297356167 0.197367140835322
27.8765842181073 25.6193661627672 26.7479751904373 20.3274889719953 21.4834515537334 20.9054702628643 49.7542368683062 0.189981288215454
28.530707275255 26.2420628896884 27.3863850824717 20.4491879267452 21.4377734473082 20.9434806870267 50.0675467389829 0.195301475604217
29.4858416744573 27.0235021487249 28.2546719115911 21.0810297282933 22.1569557582287 21.618992743261 51.6768420242063 0.195172287578357
30.3405294086119 28.0367750587393 29.1886522336756 22.0972214236981 23.3419717539333 22.7195965888157 54.1176015846565 0.190989491672956
40.1577445113128 36.4661854956062 38.3119650034595 26.8005628444178 28.4820301142921 27.6412964793549 66.8475185316856 0.20919651112627
