31.0151972597044 28.9793396891948 29.9972684744496 24.9891852909587 26.2740130321864 25.6315991615726 59.8486238850553 0.167477368614236
34.1159445550433 32.0791541524301 33.0975493537367 26.9387470064127 28.3998853054467 27.6693161559297 64.9177024340851 0.173099148317276
32.4155224239261 30.1676477690992 31.2915850965126 25.7156774828926 27.0749619189639 26.3953197009282 61.807249506833 0.170799410788337
27.5662648841802 25.8040335193334 26.6851492017568 22.6990670367387 23.6984900659997 23.1987785513692 53.9596877518989 0.162985534613721
22.9512327852741 21.4554580566024 22.2033454209382 19.6652342236155 20.450411231261 20.0578227274382 46.2473279527313 0.152850151813015
19.8498323857835 18.6271294748404 19.238480930312 17.7335590719245 18.3577929817497 18.0456760268371 41.2420327974228 0.142712324439624
15.4861226792592 14.3971713103462 14.9416469948027 14.5301031218568 15.0614557819574 14.7957794519071 33.3719520275748 0.127752415344139
15.0688194342791 14.0478291825574 14.5583243084182 14.2787903581644 14.6992910868309 14.4890407224977 32.6391743750882 0.126340073170201
17.2432400718221 16.2598774314565 16.7515587516393 15.419371399761 15.9848234170813 15.7020974084211 35.8918627135031 0.142900269305876
17.3080607070172 16.4638451463327 16.885952926675 16.21288338545 16.7111510594094 16.4620172224297 37.2734841013868 0.13210561007679
18.8237441728724 17.6620701417766 18.2429071573245 17.229648131685 17.8245522297523 17.5271001807186 39.8266504509199 0.136144885356814
19.8537217897969 18.6275406001756 19.2406311949862 17.7259964423974 18.3607636646546 18.043380053526 41.2391329172301 0.142777373055755
21.3645978178656 19.9109173128703 20.6377575653679 18.4972674975724 19.2340346380945 18.8656510678334 43.3789215575226 0.149679950126005
23.6349448769421 22.0000035627197 22.8174742198309 19.4480362275317 20.4314986221371 19.9397674248344 46.3250900173849 0.161625635605165
30.7000885863514 28.6528962312104 29.6764924087809 23.0548214433389 24.4032757457242 23.7290485945315 56.2064316486089 0.184338078804432
