39.074801172014 36.1943872175873 37.6345941948006 29.0225282358464 30.1363902912171 29.5794592635318 70.3163290154125 0.188600650014329
45.3257284908442 41.5995614494623 43.4626449701532 32.2632153652323 33.8517869190758 33.0575011421541 79.1144631136375 0.196618927326492
44.0412310870634 40.45758708599 42.2494090865267 31.2699146711144 32.6881224152546 31.9790185431845 76.6084717721338 0.197792728827521
40.0086111625449 36.8620719434979 38.4353415530214 28.8432882987719 29.7238006260715 29.2835444624217 70.0583545632901 0.196206877435772
36.3200138932844 33.4454720442521 34.8827429687682 27.4437492211186 28.4075348366795 27.925642028899 66.1299762641178 0.184036810965399
33.1005905355043 30.5212897316613 31.8109401335828 26.010894714303 26.7779084642988 26.3944015893009 62.0278164102614 0.175018425790049
31.2059202361038 28.7403659486726 29.9731430923882 23.5152632424645 24.3066678261166 23.9109655342905 56.6648401212342 0.184913257475354
29.7300381525173 26.9892193623807 28.359628757449 22.3235150880034 23.1610539205672 22.7422845042853 53.8360385899127 0.18361105234983
29.1672265377179 27.0168065314294 28.0920165345737 23.0323048595673 23.7983972530994 23.4153510563333 54.9724474289633 0.173854863348174
33.7449999401554 30.7714016993514 32.2582008197534 24.6828394929561 25.7519838803683 25.2174116866622 60.0138871740189 0.189929559776371
30.5726490343489 28.4293289960685 29.5009890152087 24.1022235117476 25.0832317334287 24.5927276225881 57.7350721102832 0.173824087273148
31.5932136839918 29.7582784572821 30.6757460706369 24.9527307294385 25.7069876502048 25.3298591898216 59.5883087724048 0.176246348743016
32.6878643941746 30.4318703833928 31.5598673887837 25.7726317790832 26.6507937337118 26.2117127563975 61.5854299573192 0.174769282146358
35.0112996884518 32.6857226285809 33.8485111585163 26.9053187913724 27.8145328970459 27.3599258442092 64.6585089653182 0.181628000994808
44.3861569987612 40.3384807533519 42.3623188760565 31.8533377804316 33.641185829468 32.7472618049498 78.1137458829894 0.192675991480643
