35.0660688067987 32.2121695886166 33.6391191977076 26.686454883578 28.1500980958146 27.4182764896963 64.6814900523772 0.17953238374929
35.9913565742286 33.4251115517091 34.7082340629688 27.8370325589582 29.3584730143381 28.5977527866482 67.3073556256211 0.176794486751521
31.835037192614 29.4447367504194 30.6398869715167 25.7344163941475 26.8617129148741 26.2980646545108 61.3438257447965 0.166318254797401
27.5938696052596 25.4857165375034 26.5397930713815 23.4758247314286 24.298622498386 23.8872236149073 55.1236113461128 0.153830437450082
27.1967340189003 25.3598843772552 26.2783091980777 22.1275906227289 23.0303247786676 22.5789577006983 52.655821941281 0.166037481430167
22.5381323937212 20.7153949588922 21.6267636763067 19.7788146007222 20.366059180844 20.0724368907831 45.9893017807941 0.145583419467905
22.1054208832416 20.5889475861562 21.3471842346989 18.4880106639451 19.1208392009691 18.8044249324571 43.6085590901698 0.159529186529387
21.4754106822226 20.0354183338364 20.7554145080295 17.9363637328732 18.7281238603412 18.3322437966072 42.487644415979 0.158822806617986
22.4836577594202 20.7159200068398 21.59978888313 18.6202603730936 19.5926435490694 19.1064519610815 44.2669891015364 0.158430387591195
22.6697658300041 21.0318868489578 21.8508263394809 19.8906880653364 20.6355585893568 20.2631233273466 46.4355407567391 0.145813999317441
23.8181916499362 22.1573568635298 22.987774256733 20.9122613446553 21.7614558381384 21.3368585913968 48.8856382264055 0.145567844886889
25.2524919706608 23.6334324857279 24.4429622281944 21.0082654688726 21.9258534843683 21.4670594766204 49.8171800237766 0.160316811858469
25.4452103467123 23.6616003134526 24.5534053300824 21.64791178468 22.6051491455063 22.1265304650932 51.0460499021161 0.153503256704578
29.0379862434632 27.0168202591523 28.0274032513078 23.1367418421006 24.3527896736757 23.7447657578882 55.5476688148551 0.16968239192677
37.7650201309141 35.0806956353034 36.4228578831087 28.2524183947466 29.9621511936677 29.1072847942071 68.9537509225049 0.184475835001759
