34.5015401947084 32.0215038132174 33.2615220039629 26.2439750369544 27.6423661833925 26.9431706101734 63.6446130416974 0.181089894031736
37.6047393529082 35.2357622410024 36.4202507969553 27.6156050601526 29.1686838948166 28.3921444774846 67.6080301579194 0.190611547703513
33.7048472986202 31.4334090272849 32.5691281629526 25.6667379856303 26.9663753692729 26.3165566774516 62.1973926370856 0.18171600865962
31.4607620974502 29.3297978868028 30.3952799921265 24.5232820427624 25.8797977488179 25.2015398957901 59.2338341137971 0.175202673303548
25.1586093966609 23.4423269372828 24.3004681669719 20.4635869810547 21.3785787377212 20.921082859388 48.7679350774084 0.165521292687881
23.9719688157963 22.2118729055476 23.0919208606719 18.760264125044 19.7305576510267 19.2454108880354 45.1837836037256 0.173884617652297
19.0229227003624 18.0490351408051 18.5359789205838 16.4021884385006 16.9758839211346 16.6890361798176 38.5096151640511 0.153739938877403
18.9962128879601 17.6670174690512 18.3316151785057 16.6619533259315 17.2660356338301 16.9639944798808 38.8944119674572 0.146381296385875
20.7796938119091 19.1413569572122 19.9605253845607 17.2887860281934 18.0016801435134 17.6452330858534 40.8874444522283 0.158597459531682
22.6218181013133 20.9992958412093 21.8105569712613 18.4213883393076 19.2020735859838 18.8117309626457 43.8330941860099 0.165046807044202
22.9990342593746 21.424226519061 22.2116303892178 18.5917999923781 19.4713908399902 19.0315954161841 44.4106560176183 0.166761247453072
24.1149177066243 22.0783195957142 23.0966186511693 19.7040848237835 20.7479663404456 20.2260255821146 46.9679248549538 0.16107647209955
25.7670125708 23.8491335862501 24.808073078525 20.5418683022449 21.6195654400752 21.08071687116 49.2827687662834 0.168906377033741
28.5755782715191 26.5040279300679 27.5398031007935 21.7743416144672 22.976465850315 22.3754037323911 52.8209704605182 0.180335583935262
36.4836748327816 34.1866286692212 35.3351517510014 25.7080964559432 27.3889466237615 26.5485215398523 63.6937837751367 0.199573085068508
