38.903142066973 35.5479366387081 37.2255393528405 27.3369092651372 28.9478555428437 28.1423824039905 67.4338841056861 0.19808414116575
43.2187440389557 40.0038686140018 41.6113063264788 29.424771472157 31.1358224425486 30.2802969573528 73.1075765213135 0.207180640009562
38.1860370162916 35.5811824380963 36.8836097271939 27.566372492275 29.1910364621173 28.3787044771962 67.7581323664873 0.19382004243595
34.3332295740681 31.9099258118096 33.1215776929388 25.3908970034751 26.6076886658958 25.9992928346854 61.8218689276697 0.188914431649344
31.3738100092105 28.6138304787118 29.9938202439612 23.0496264918932 24.3602578818138 23.7049421868535 56.2865550261784 0.187232488957394
28.0250941489099 25.5576956182216 26.7913948835658 21.0637664858548 22.1102771592048 21.5870218225298 51.0499827739355 0.182423013086873
23.9613760571607 22.0595150823768 23.0104455697687 18.9877440908506 19.7587359938178 19.3732400423342 45.3831930083112 0.171285569918617
22.3357178972691 20.4091021471856 21.3724100222273 17.8204402866429 18.6743230901334 18.2473816883881 42.6143538431814 0.167684070265804
23.6969295702279 21.6183501020129 22.6576398361204 18.9966252102949 19.8949039137836 19.4457645620393 45.3605108590827 0.166333951909312
25.6812784041319 23.6887554601522 24.685016932142 19.4618528027717 20.5785334850741 20.0201931439229 47.2790616785714 0.180784354543626
25.9237238536092 23.8155456084242 24.8696347310167 20.0899797278527 21.2747018294421 20.6823407786474 48.5801224058022 0.174434821612569
26.9807611186878 24.9855203055324 25.9831407121101 20.6258344588681 21.8183489422092 21.2220917005386 50.0420852898041 0.179009260631319
27.7019012048742 25.2808731175612 26.4913871612177 21.1941395186266 22.4253279088275 21.809733713727 51.3401551856503 0.177000963412427
30.2676456358713 27.745269703998 29.0064576699347 22.2700022066498 23.6996822887418 22.9848422476958 54.5468159499655 0.186582343314402
41.1952962577889 38.5489164746991 39.872106366244 27.4008070176491 29.4440628210748 28.422434919362 68.8965615948472 0.212010191778349
