37.7191207420663 34.8943421230095 36.3067314325379 26.4212230114172 27.8726842756033 27.1469536435103 65.1924768802873 0.200732828743606
41.0923020214328 38.0918341908226 39.5920681061277 27.887193779871 29.6379003007372 28.7625470403041 69.4659429983398 0.207576347480619
39.1877620402269 36.085399069683 37.6365805549549 26.6288638848545 28.2851749535528 27.4570194192037 66.2585275652128 0.206586311383656
34.1979362442674 31.6959002576774 32.9469182509724 23.9152315686407 25.0912799573597 24.5032557630002 58.9064750705385 0.202013227146063
32.6649229384608 30.2517530246614 31.4583379815611 22.576825496412 23.9133058998495 23.2450656981308 55.9535431212454 0.203557431238941
27.1359654177086 25.20141247968 26.1686889486943 20.4747210519675 21.361811380399 20.9182662161832 49.5515762175656 0.18440925518078
23.3499457332583 21.5273253518484 22.4386355425533 17.8198859472813 18.350830026375 18.0853579868281 42.7663082648049 0.182346191210382
22.4639814969696 20.5893350641997 21.5266582805846 16.9044655287251 17.7090188066469 17.306742167686 40.9468964418138 0.182975283420676
24.7966726614665 22.8276405191218 23.8121565902942 18.0952975001362 19.0885949387007 18.5919462194185 44.2574599189365 0.190232033715531
25.5486645036575 23.7113102730192 24.6299873883383 18.6792387633775 19.7025345990258 19.1908866812017 45.7026523188412 0.19073842386889
24.2147071703157 22.2588460326607 23.2367766014882 18.4739736816064 19.4933605524467 18.9836671170265 44.7614632858685 0.178946696914051
25.9013707498493 23.8101746584317 24.8557727041405 19.6043875955438 20.5559267711845 20.0801571833642 47.4600129721373 0.181763980698728
27.347091854084 24.840678509661 26.0938851818725 19.9942453454521 21.1515397683393 20.5728925568957 48.8742334964444 0.187830864358997
29.9636523419323 27.4102162520309 28.6869342969816 21.2632244971353 22.4884583242753 21.8758414107053 52.3265982901646 0.195990529181605
37.0373510369601 33.8306115920754 35.4339813145178 24.8987851086083 26.5754679204843 25.7371265145463 62.1612959828955 0.207619194546888
