36.4975593933808 33.9214888316655 35.2095241125231 28.5669348976622 29.5250334632168 29.0459841804395 68.3444427910742 0.176486951974235
44.4969654534006 40.8635368971244 42.6802511752625 32.0091777141375 33.2277406642806 32.618459189209 77.9879103636355 0.195456687749308
43.14323404661 40.1415236213258 41.6423788339679 30.8181558420356 31.7251907535062 31.2716732977709 75.032849553538 0.199693550758707
36.821944938785 33.5561065009749 35.18902571988 28.0925532188966 28.8013672400556 28.4469602294761 67.2256989791923 0.181597232830778
34.0196949223208 31.7090813787813 32.8643881505511 26.9299959420437 27.3624327415282 27.1462143417859 63.8566342665718 0.176160945732273
34.8256107171886 32.8289264049704 33.8272685610795 25.182335424903 26.0055028822256 25.5939191535643 61.3173869411362 0.197889752117094
32.0811661839319 29.9023294232704 30.9917478036012 24.5381778094345 25.363125119927 24.9506514646807 59.0148473065115 0.182631391209383
28.5503025584575 26.8500136661226 27.70015811229 22.4036720484435 22.9637128484635 22.6836924484535 53.4586316495813 0.178349419325379
28.6155843219176 26.7141754871267 27.6648799045221 23.1385333732809 23.8979035237568 23.5182184485189 54.9760686320943 0.168797474018627
30.532442324724 28.2675469360175 29.3999946303707 23.9262236844083 24.8495723591426 24.3878980217754 57.3155523342106 0.175081843524088
29.8802901734685 27.6051415772391 28.7427158753538 24.2019495446441 25.0203220495234 24.6111357970838 57.4391836147374 0.166934839747287
30.8711089448039 28.637690362194 29.754399653499 24.7875844103266 25.596299190521 25.1919418004238 58.941345006854 0.169845212286543
33.5474498298081 31.0636162937592 32.3055330617836 25.9827627772572 26.8991401569815 26.4409514671193 62.3204760924005 0.178483992338536
35.0504902473897 32.0827450712772 33.5666176593335 26.8559142513512 28.0621482530397 27.4590312521955 64.7271648771792 0.178613409240429
42.3842726881213 39.5438964095966 40.9640845488589 30.8917598494169 32.4281172537022 31.6599385515595 75.523248365031 0.192725757222149
