39.0290864661838 35.8942738580825 37.4616801621331 28.256360967415 29.5541695595081 28.9052652634616 68.9754202808944 0.193128996606796
43.5463180969454 40.2770003829083 41.9116592399268 30.146835160836 31.8236319736172 30.9852335672266 74.5773813133014 0.203434228622092
41.2686743676725 37.6480097934645 39.4583420805685 28.9548540962577 30.5801830079465 29.7675185521021 71.3582474499824 0.198592474631099
36.0758036301764 33.1669011443906 34.6213523872835 26.5866207321201 27.6760188287748 27.1313197804474 64.5359175490778 0.189325069169443
34.0701598783242 30.7807010195436 32.4254304489339 24.3812902781473 25.5828784030546 24.9820843406009 59.631853468598 0.193492357474838
30.4666266174547 27.7303989608849 29.0985127891698 22.7403751979056 23.7872044208702 23.2637898093879 55.1059351399929 0.184371411354382
26.5801181627266 24.6052811958762 25.5926996793014 20.172697784869 21.0597699539064 20.6162338693877 48.7566945189457 0.182483057474012
25.0221012167408 22.8840364888201 23.9530688527805 19.2244766608069 20.1511875080125 19.6878320844097 46.3614775556116 0.177414490250659
28.4036312246735 26.4430632099679 27.4233472173207 20.6361065022574 21.9042616945603 21.2701840984089 50.7020025996437 0.191856223835797
28.7858210677575 26.5225392795577 27.6541801736576 21.5905219700873 22.6542584225766 22.1223901963319 52.3956103093779 0.184221276371519
29.7151816505595 27.7348598086484 28.725020729604 22.0900288425225 23.3848714949865 22.7374501687545 53.9717927690787 0.18684796158995
30.4454084679728 28.0928737983552 29.269141133164 22.4980294214976 23.7705071127996 23.1342682671486 54.9304898344659 0.187210444699237
30.3427993928824 28.2978612681209 29.3203303305017 22.9310007573187 24.1660207488369 23.5485107530778 55.7266504595999 0.183230885467277
32.8073008922964 30.2909720400799 31.5491364661881 24.1375953445733 25.4732344591738 24.8054149018735 58.9630661292853 0.188511991485212
39.6683325647503 36.9245399578139 38.2964362612821 27.1029040915326 28.9943559037142 28.0486299976234 67.6339901127475 0.2056558576743
