34.0189508005174 31.752772438258 32.8858616193877 28.144005962669 29.3942723484133 28.7691391555411 66.8217866268504 0.161344909654346
34.8319667485769 32.3734439258358 33.6027053372064 28.7160458883577 30.088417425462 29.4022316569099 68.2891252410038 0.161291531164352
31.9632740783134 29.7159602232167 30.8396171507651 26.8250617993482 27.9917384483436 27.4084001238459 63.4332980938834 0.157187172678041
29.8103934640355 28.0589684744802 28.9346809692578 24.7329693015722 25.8506190508959 25.291794176234 58.7558836438256 0.161560212660533
25.7773991034404 24.28778065026 25.0325898768502 22.4689399098049 23.2367177487489 22.8528288292769 52.5631237117343 0.150035387400167
20.2290276001488 19.3547454511562 19.7918865256525 18.9908179352617 19.5414296262457 19.2661237807537 43.6385884754248 0.132521231878996
17.6205069705111 16.5352876240991 17.0778972973051 16.4881956924583 16.8628229779194 16.6755093351888 37.7422157225506 0.131666054808493
16.9508537489899 15.8832582744385 16.4170560117142 16.3426742805043 16.8158831491032 16.5792787148037 37.2114522472807 0.122227718328133
17.7280275414673 16.6422568628524 17.1851422021598 17.1727356615507 17.4920030901424 17.3323693758466 38.9144848313383 0.122595647123909
18.2111146809082 17.2071128622941 17.7091137716011 17.4087391770674 17.9572282141132 17.6829836955903 39.8013952112987 0.125415141937392
19.6539910116872 18.4390712095177 19.0465311106025 18.5659477866387 19.0747080286291 18.8203279076339 42.4718403652749 0.12835016939443
20.3699478371887 19.2017986918119 19.7858732645003 19.2104196204139 19.7235267369538 19.4669731786839 43.9778937854465 0.12955140436526
21.9157595715723 20.6851545579522 21.3004570647622 20.0233867879196 20.5577286211945 20.290557704557 46.2013809367348 0.138494604472074
24.6808590427129 23.0774085794586 23.8791338110858 21.0617971528234 21.9237456498979 21.4927714013606 49.597877226966 0.153826937921701
30.20860389281 28.3090276159228 29.2588157543664 24.2602491228379 25.3876780038502 24.8239635633441 58.0537667470195 0.16930897434815
