35.5099058349518 32.4956578087098 34.0027818218308 25.7590960967629 27.4623440052466 26.6107200510047 63.3152366598454 0.189656584611188
38.5369063469325 35.8518571072633 37.1943817270979 27.0201948493593 28.833835360098 27.9270151047286 67.0098330011738 0.199731384644607
34.1854784739012 31.7238001252876 32.9546392995944 25.0813917173501 26.6113423431985 25.8463670302743 61.4690226114817 0.189123069781567
30.3381445471656 28.2038320940478 29.2709883206067 22.4982859977206 23.8809590839052 23.1896225408129 55.0351903717362 0.186634027243786
28.0624654715525 26.0414065657814 27.051936018667 21.2339278821501 22.4398211022158 21.836874492183 51.6208283244246 0.181964670422578
24.8354994324742 23.050932424491 23.9432159284826 18.8464145790935 19.8127022173754 19.3295583982345 45.6926545234209 0.181937361993595
19.9516929076647 18.8036865260754 19.3776897168701 16.0078849051518 16.7428381233722 16.375361514262 38.3292205236437 0.170332040922002
19.4215283386495 18.1670489766754 18.7942886576624 15.7893808209614 16.550424394422 16.1699026076917 37.6983043939358 0.165693613268995
20.2721011082619 19.0649734878309 19.6685372980464 16.5649038435012 17.2601883486286 16.9125460960649 39.4346421529976 0.165839901603372
20.4616659615696 18.9039917231563 19.682828842363 16.4430618387455 17.2956695207673 16.8693656797564 39.3626986185398 0.166691722907396
21.9537483220678 20.5858893934844 21.2698188577761 17.3414086207439 18.2159559626079 17.7786822916759 41.713712485785 0.173138475659571
22.8530378597374 21.1757346931935 22.0143862764655 18.4950154900204 19.4298511981387 18.9624333440795 44.1972921468212 0.165390837368998
25.8838147316941 23.9923937820409 24.9381042568675 19.2629398683709 20.4338389637085 19.8483894160397 47.0600430622564 0.185487700685342
26.7362891875764 24.8481032295748 25.7921962085756 20.2456705638101 21.3193007955888 20.7824856796994 49.1470968864648 0.182416233647939
33.5395558994297 31.407821189835 32.4736885446324 23.3049455218072 24.986548408033 24.1457469649201 58.0496687269032 0.202068190543868
