24.0764871011194 22.7746487656428 23.4255679333811 19.442401581697 20.3339554543601 19.8881785180285 46.5039911848532 0.169136508471543
27.7163624891037 26.2858753822961 27.0011189356999 21.6118712543599 22.7641017740464 22.1879865142031 52.2515163751166 0.177473141640614
24.0065996748787 22.6122206359704 23.3094101554246 20.0483351401581 20.915377683904 20.481856412031 47.5254484873631 0.160184104685128
21.2051663914308 19.8256614083556 20.5154138998932 18.6303484397855 19.1881432089723 18.9092458243789 43.3951635748105 0.147458866891003
17.0795556066379 16.2351780128756 16.6573668097568 16.6150950310125 17.0668031955489 16.8409491132807 37.7880192346461 0.12190883603011
14.8085514311816 14.0144088356812 14.4114801334314 14.9264703803925 15.3148959939632 15.1206831871778 33.6080657127483 0.111327619814415
8.54948493653815 8.32904321779161 8.43926407716488 10.6547153158408 10.702730770196 10.6787230430184 22.5323220238689 0.0550101324427635
12.1769197141049 11.3544110158748 11.7656653649899 12.2312577288695 12.5317160977853 12.3814869133274 27.4985235050526 0.110469352249334
12.8874088351422 12.0736788101119 12.480543822627 13.0679131024399 13.3133584296264 13.1906357660332 29.2626984822077 0.109222443908321
14.4573735902509 13.6397845720255 14.0485790811382 13.7033710357378 14.1152614196183 13.909316227678 31.3737130196258 0.127794943549978
15.0468561102214 14.2892707909338 14.6680634505776 14.3584465060424 14.6574635838906 14.5079550449665 32.7322205202769 0.12807836868895
17.7519780605684 17.0755930008746 17.4137855307215 15.4399613640118 16.0743535849599 15.7571574744859 36.3173501863579 0.152408048379385
17.4492429891561 16.5206386400532 16.9849408146046 15.6152618748436 16.1396561653767 15.8774590201101 36.3162720547864 0.143642443315045
19.3404641671569 18.4454535625678 18.8929588648624 16.2052285413602 16.7948962641304 16.5000624027453 38.3391046744588 0.161786656881973
27.1475716288489 25.5990060474039 26.3732888381264 20.3433408441159 21.5782746917389 20.9608077679274 49.7123842697322 0.185841328734436
