35.4239581832397 33.1635331173492 34.2937456502945 26.0535342629677 27.6309718045908 26.8422530337793 63.8642437462248 0.189621520702
35.4695434514818 33.2408839937583 34.3552137226201 26.8981756907237 28.2822754384608 27.5902255645923 65.292229707607 0.183249291578814
35.0336976551038 32.8852294552815 33.9594635551926 25.4546145257073 27.0192281574733 26.2369213415903 62.591472020558 0.192812815300458
29.2762865801612 27.6301294023597 28.4532079912604 22.9278718094467 24.1650386666847 23.5464552380657 55.366511573528 0.17568676502995
26.4750206274751 25.1599677715446 25.8174941995099 20.9358737146174 22.0281200728573 21.4819968937373 50.4526025446136 0.174299642490922
21.2678675254163 19.9061787932627 20.5870231593395 17.300912067262 18.125133302966 17.713022685114 41.2955415385744 0.165683076025165
18.5240262369264 17.4683786191164 17.9962024280214 16.3002107402008 16.9073546495679 16.6037826948844 38.0953996717511 0.147190383414505
17.5248079506421 15.7808116486622 16.6528097996522 15.4339463269527 15.95539882416 15.6946725755563 35.828369180944 0.141418178954078
20.2906935427497 18.733754990674 19.5122242667119 16.8351945791638 17.5058539598524 17.1705242695081 39.8286582996744 0.159797385173709
20.257670530061 18.8922626526132 19.5749665913371 16.8608012140913 17.5746353744148 17.2177182942531 39.9423462169145 0.159919843451219
21.2234313313229 19.6450050133287 20.4342181723258 17.8474663833942 18.6629525381321 18.2552094607631 42.1992022946215 0.155812602022522
22.2927340658515 21.0007183215054 21.6467261936785 18.4311246002871 19.3007589057432 18.8659417530152 43.8568551433982 0.162328807052236
23.8949641859943 22.4010687041223 23.1480164450583 19.0965845837321 20.0547837127918 19.5756841482619 45.8128121451173 0.170145875825878
26.225031673694 24.7275418882913 25.4762867809927 20.2700982048478 21.3358217724785 20.8029599886631 49.0563640052523 0.179071729022849
33.2362086630732 31.4230468453929 32.3296277542331 23.4162621058344 25.0322823128385 24.2242722093364 58.1492602915666 0.200227189264225
