38.8786437646305 35.7381953663014 37.308419565466 27.0444057723435 27.9360504730773 27.4902281227104 66.2089477530478 0.204226961258842
42.6785893090843 38.915918157328 40.7972537332061 28.5806489005749 29.911665190135 29.2461570453549 70.8164958447708 0.210697455651159
40.7416463985391 37.5768385034533 39.1592424509962 27.5085132258147 28.6337679859187 28.0711406058667 67.9716822706372 0.210703961499013
33.4517333093147 30.5521967056194 32.001965007467 24.2338327210035 25.0710029750595 24.6524178480315 58.8466070093657 0.193526074645546
31.767294675514 29.4549757292385 30.6111352023763 22.5943909272552 23.3940061134612 22.9941985203582 55.1688483455544 0.199625381521995
29.2400742990688 27.0929752509021 28.1665247749855 21.1624249996627 21.6182590117832 21.3903420057229 51.2081279346089 0.196991799404338
25.6434408955923 23.6158709032413 24.6296558994168 18.8271057540509 19.3781527110228 19.1026292325368 45.5355193662857 0.191865235198272
24.6267522541788 22.7086946550071 23.667723454593 18.1274241362709 19.0842795378506 18.6058518370607 44.2279505557758 0.18854946667045
24.7663675878106 23.1025709066704 23.9344692472405 19.1015284798228 19.9262754319116 19.5139019558672 46.0317325403896 0.179459972805422
26.0797978844006 24.0442681922938 25.0620330383472 19.555618455381 20.3774611585923 19.9665398069867 47.3304658048214 0.185244570725757
27.0575098130498 24.8542743567971 25.9558920849234 20.0923592057496 21.1515786491248 20.6219689274372 48.9122931818939 0.185926847092104
28.6273243911662 26.3359393565122 27.4816318738392 21.1759786778553 22.1372305541089 21.6566046159821 51.4539128545033 0.187949675558361
29.3531177792204 27.1347473118565 28.2439325455384 21.7910542422465 22.8815341872249 22.3362942147357 53.0296467032163 0.187073517956967
30.5208935972977 28.1188508207417 29.3198722090197 22.3507159760818 23.2815616313385 22.8161388037102 54.3503083579968 0.191049651862188
39.1107128982855 36.0934960271628 37.6021044627241 26.7962246008626 28.6325291448694 27.714376872866 66.745117969548 0.204160538693102
