31.6998071508476 29.72235995525 30.7110835530488 25.2358799872967 26.4583579100242 25.8471189486605 60.553609812292 0.171380259683258
35.6713513397947 33.2746713871425 34.4730113634686 27.8911306587954 29.2497823954768 28.5704565271361 67.1582791266334 0.175309870579889
29.8379185865093 27.8722587098299 28.8550886481696 24.6516744962475 25.6340814898977 25.1428779930726 58.4514210878882 0.162385250884821
27.8190663777787 26.061186210005 26.9401262938919 23.0072962205426 24.0034028457217 23.5053495331321 54.6282671747245 0.162039030683694
22.6708831697207 21.2509605307678 21.9609218502442 19.9877110292267 20.6514079211421 20.3195594751844 46.5895359294052 0.14642091493921
18.0165415316786 16.7834736257402 17.4000075787094 17.0815386584042 17.6085730875748 17.3450558729895 39.057212776409 0.125888929456567
15.8736734038908 14.9065189564678 15.3900961801793 15.404680259381 15.870099873622 15.6373900665015 35.0433551783202 0.120498850169066
15.1067961335679 14.1038841129153 14.6053401232416 14.6097373916886 15.003788829 14.8067631103443 33.2007486955874 0.121134593974584
16.8918311055832 16.0438481118768 16.46783960873 15.824575172901 16.2653163470537 16.0449457599774 36.3343946231753 0.132269163346381
17.2412619403519 16.1041868015593 16.6727243709556 16.4162852436961 16.9633629533102 16.6898240985032 37.5424782280801 0.124711620880625
16.3236750386755 15.633820552651 15.9787477956632 16.3953634329569 16.8075505781443 16.6014570055506 36.9928651976901 0.114145137541896
19.7132735302615 18.8502901341085 19.281781832185 17.8056742167198 18.4821770258591 18.1439256212895 41.4351248849191 0.141845644370931
19.9397197155294 19.1469471579291 19.5433334367292 18.4882353160178 19.0482727857731 18.7682540508955 42.6514557689677 0.136265942833736
22.4160376527636 21.0900845464075 21.7530610995856 19.51143100196 20.3447240170627 19.9280775095113 45.7987515027179 0.14910109820827
30.022424424835 28.2978796247991 29.1601520248171 23.5512146550738 24.8751404137101 24.2131775343919 56.8925840788268 0.174826889160205
