31.9481128702763 29.5326344462199 30.7403736582481 26.1683619323573 27.4445651707758 26.8064635515666 62.3079631817859 0.162181707816967
33.968115607985 32.0690071250801 33.0185613665326 27.1117526482068 28.4861972592036 27.7989749537052 65.1212931836378 0.171289468264334
32.1540223850462 29.7327126943057 30.9433675396759 26.0897441677563 27.356605213988 26.7231746908721 62.2496121732275 0.164712143922224
27.3304508380785 25.4532774712241 26.3918641546513 23.1712302914059 24.0590058231294 23.6151180572677 54.5693561356705 0.155390288613791
24.0396423872139 22.1333920091099 23.0865171981619 20.7223825837051 21.4231917704357 21.0727871770704 48.4707407306548 0.150079017155275
21.3074068212641 19.8350131661846 20.5712099937243 19.0986575082182 19.7709473366991 19.4348024224586 44.340679293386 0.140754568262205
17.4563834844518 16.252475691292 16.8544295878719 15.921376241951 16.3481544882572 16.1347653651041 36.6949296023459 0.137138618752674
16.8132171198209 15.6819769231306 16.2475970214758 15.7723371085131 16.3499067722316 16.0611219403723 36.2415111079114 0.128237219120177
18.2620176918183 17.0371361455552 17.6495769186867 16.8907063743008 17.4448600881323 17.1677832312166 38.892934643886 0.132730245951791
19.5360221946982 18.5313043969639 19.0336632958311 17.5906207206466 18.1419052073919 17.8662629640192 40.8250774317325 0.142518654123417
20.3456993446915 19.0453562377405 19.695527791216 18.3571074405569 19.015427045064 18.6862672428105 42.5897088238246 0.139599157777507
22.458995633387 21.2935687882719 21.8762822108295 19.356684368531 20.1710797963937 19.7638820824623 45.5687787088624 0.152829654587405
23.2673354206607 21.9444488673962 22.6058921440285 19.8239992544973 20.6406158393435 20.2323075469204 46.7498581380314 0.155326895600382
25.1655604402234 23.7555809530675 24.4605706966454 20.9033800880248 21.827030138078 21.3652051130514 49.6422060991004 0.161753557628506
32.5774725705015 30.2278665324731 31.4026695514873 25.0021756668728 26.3924904922052 25.697333079539 60.5701433016471 0.178529754705847
