36.7939439768174 34.2152259682597 35.5045849725386 27.6089951358215 28.7656689209977 28.1873320284096 66.8666892790223 0.186112421204468
38.688617746852 35.8656330921745 37.2771254195133 28.6923115599691 30.1318864657419 29.4120990128555 69.8622468388004 0.187644696970876
36.1233198306814 33.0337063995009 34.5785131150912 26.9244116722445 28.1024611725579 27.5134364224012 65.2375643274762 0.185558272800128
33.5137059110265 30.8858598012122 32.1997828561193 25.0174670447245 25.9971342622541 25.5073006534893 60.5369644298648 0.186659561751463
29.9282402441427 27.6852099026504 28.8067250733965 22.883675988267 23.7993786202825 23.3415273042747 55.1334071852427 0.181015416569287
25.8025052986632 24.2647261373722 25.0336157180177 20.5252162745881 20.9653800685421 20.7452981715651 48.7653247354396 0.175334389801169
21.5160631043952 19.7120193202486 20.6140412123219 18.3105128223076 18.9213904119123 18.6159516171099 42.9260821075918 0.152938162670622
21.3191749396048 19.846339612017 20.5827572758109 17.5971133098074 18.1836577729111 17.8903855413593 41.6142270351104 0.163033265518675
20.304838738728 18.990059189322 19.647448964025 18.1001960340392 18.6041717276746 18.3521838808569 41.9843724147981 0.143852216372784
23.5324225914718 21.8174343491111 22.6749284702914 19.4877690296973 20.334653032371 19.9112110310341 46.2082393716263 0.160357330842534
23.7113686907524 22.0556609394667 22.8835148151095 19.7813112708332 20.5824207029061 20.1818659868696 46.7902226624395 0.159214482270406
25.8899648780998 23.9965033502664 24.9432341141831 20.8785370638573 21.7291650926274 21.3038510782424 49.7483171548954 0.167589769853943
26.8866190006902 25.1291884551082 26.0079037278992 21.4712137731491 22.391318814309 21.931266293729 51.3578862317621 0.170882828741342
28.6479194446502 26.9604445159197 27.804181980285 22.303164709366 23.3773082942925 22.8402365018293 53.7914085460264 0.177558046338928
36.1175700364547 33.970292764744 35.0439314005993 25.9407431448613 27.4423881474063 26.6915656461338 63.8611894660447 0.196280321519746
