28.6259334921007 26.9718512994505 27.7988923957756 22.3134031368039 23.3882680523248 22.8508355945644 53.808801062081 0.1773924161198
29.9705750433414 28.0454420917653 29.0080085675534 23.9697374858626 25.0703436326859 24.5200405592742 57.3898561717238 0.170264299379743
29.3029595802946 27.3758030409389 28.3393813106168 23.1673720084208 24.325732502939 23.7465522556799 55.6859312348283 0.172505604924371
25.1824566488038 23.7205287587163 24.45149270376 21.8837745891989 22.6848792358688 22.2843269125338 51.2758969643037 0.150492387891321
20.6351497002116 19.2249991949965 19.930074447604 19.3606379416212 19.9083316298953 19.6344847857583 44.3420035737939 0.129186837791561
20.2417610856394 18.8828846002016 19.5623228429205 17.7751926035768 18.2826181498047 18.0289053766908 41.3758619404063 0.147486801775008
15.4768535812986 14.885323932183 15.1810887567408 15.4895439693103 15.8312604062469 15.6604021877786 34.9599567169508 0.116189619454142
13.4156101334695 12.8442253932753 13.1299177633724 14.4158657874437 14.6941546364884 14.555010211966 31.8836282243968 0.0952801736334262
15.4989423992103 14.9630730958655 15.2310077475379 15.2503929558287 15.4690404191976 15.3597166875131 34.4865058835553 0.122628320078054
18.0277207648898 16.6110084559915 17.3193646104407 16.513656169506 17.1274975068445 16.8205768381752 38.1207619083484 0.133158579372595
16.9256860158016 15.4802547287193 16.2029703722604 16.0030718857203 16.5912769478856 16.2971744168029 36.6154219362599 0.123367186231629
18.6782938812305 17.4355641864994 18.0569290338649 17.4337403745931 17.8747284932013 17.6542344338972 39.9447332356615 0.131307431801323
23.1137956075073 21.3296988473096 22.2217472274084 19.1148247240171 20.0281464398696 19.5714855819433 45.3891697120059 0.159573950632599
24.7286508282223 22.706949523895 23.7178001760586 19.3415738377721 20.340938792341 19.8412563150565 46.5446952561066 0.172927120063113
30.6494549606057 28.5474504392156 29.5984526999106 23.2372463503572 24.5663845406451 23.9018154455011 56.4975197234682 0.18186670490133
