32.6643183136159 30.7594409621516 31.7118796378838 28.0313996491297 29.1008703318072 28.5661349904684 65.9082909931007 0.153608827639653
37.1324120794334 34.8182224155022 35.9753172474678 30.3816485717148 31.8033131066721 31.0924808391934 72.4152658957532 0.164514119511342
34.4366436480722 32.3755283896295 33.4060860188508 28.3997500725393 29.6488033596791 29.0242767161092 67.5186955816755 0.163141742378044
30.3318407190639 28.524835097576 29.4283379083199 25.6351930762046 26.6910385909902 26.1631158335974 60.5464951511081 0.157096416500921
23.9135853573626 22.9993919230037 23.4564886401831 22.0476662108177 22.6715856955758 22.3596259531967 50.9042492938029 0.13830726418134
20.8891571652131 19.8938064639575 20.3914818145853 19.9916701997876 20.5103157849779 20.2509929923827 45.6433501539945 0.126941038673091
18.0751612282304 17.4491384270056 17.762149827618 17.3200407239412 17.7279715062882 17.5240061151147 39.5616180705835 0.128783504488197
20.0925507550704 18.8624453741326 19.4774980646015 18.1512493305548 18.7719765223308 18.4616129264428 42.0874159490142 0.139862917630883
20.5025600639775 19.1256666275411 19.8141133457593 19.3489211846067 19.9911456207803 19.6700334026935 44.3381773252464 0.127048856947416
20.0573628935492 19.1010530429655 19.5792079682574 19.3761371723502 19.8533319249864 19.6147345486683 44.1131418499514 0.124489901724069
23.0979878824955 21.8444075484572 22.4711977154764 21.0732029487045 21.8078073220814 21.4405051353929 48.8007256165133 0.138049810588547
24.3528688333646 22.7813880967281 23.5671284650464 21.5474867765994 22.3771491106852 21.9623179436423 50.2710203398758 0.144483484595678
25.0026099800939 23.4868455624426 24.2447277712683 22.4055129156875 23.2484026399451 22.8269577778163 52.1226550627832 0.141690793186576
26.2851031973247 24.808346714455 25.5467249558899 23.2997851294895 24.1752568475396 23.7375209885146 54.3720717227239 0.145276959397567
32.8559282432433 30.9837897117124 31.9198589774779 26.4414292164754 27.6833129339896 27.0623710752325 63.298488103878 0.16949264955222
