36.5211393876682 34.1769450107385 35.3490421992034 26.6141456428831 27.7476471266801 27.1808963847816 64.9065240651606 0.193973207254145
38.2934970222142 36.3920201086411 37.3427585654276 27.0189798661301 28.2503091236087 27.6346444948694 66.5000037519505 0.203199913867116
33.6493276959666 31.2691950545606 32.4592613752636 24.7519388921663 25.7047378207708 25.2283383564685 60.1115091952461 0.191348957388499
31.00152690849 29.3219392087383 30.1617330586141 23.0236779057786 24.020585533497 23.5221317196378 56.007050344239 0.190518168416698
28.3686057778034 26.3712279038729 27.3699168408382 21.0679348187806 22.1146421331102 21.5912884759454 51.2874893253244 0.187689409607564
24.4633565386276 22.604066200003 23.5337113693153 18.7622506477622 19.4918064588015 19.1270285532818 45.1493667515029 0.180250414373857
21.4913501528269 20.0341293070086 20.7627397299178 16.6359974334095 17.3568194214119 16.9964084274107 40.0585603558768 0.178441919860934
19.013353943502 17.7782913888583 18.3958226661802 15.3945056724205 16.0790990619502 15.7368023671853 36.7352785961723 0.16717735086937
19.5887689635294 18.30322965886 18.9459993111947 16.0118419502537 16.7571530438726 16.3844974970632 38.1547513262343 0.164355249011246
21.8208382364885 20.0848379464102 20.9528380914494 16.9501750877335 17.8757028041912 17.4129389459623 40.9068763819083 0.174611491743435
21.8036028397992 20.1584339711748 20.981018405487 17.0069945547516 17.8624546864673 17.4347246206095 40.9588882662579 0.174635365844569
22.7777721162786 21.3229216567491 22.0503468865139 18.1128655448377 18.9938872222043 18.553376383521 43.4685178776729 0.171444942934522
24.1330567724438 22.5117589847965 23.3224078786202 18.8237495521135 19.8119500576753 19.3178498048944 45.4146342286388 0.175457793887921
26.7919741219483 25.0976859627125 25.9448300423304 19.9605722825584 21.1511756212318 20.5558739518951 48.7839225864942 0.186617574632399
33.9030360179795 31.9390667096661 32.9210513638228 23.770757165008 25.2768028027692 24.5237799838886 58.9368016883352 0.201625559498882
