35.7596412759835 33.3884136576137 34.5740274667986 28.0154570928438 29.1356456165304 28.5755513546871 67.2101746974834 0.176008362240388
40.4428121706357 37.5389587402661 38.9908854554509 30.0719304273057 31.4208393211946 30.7463848742501 73.0404072934383 0.187788541517432
37.2584062590406 34.3996320092858 35.8290191341632 28.253308988693 29.3754192625754 28.8143641256342 68.1688681467469 0.182897319016345
33.0798008094452 30.5907366579232 31.8352687336842 25.8402582771235 26.8267878833872 26.3335230802554 61.9259240853271 0.175800212842742
31.9636925311676 29.9409666442871 30.9523295877273 24.3231393398135 25.3342845427716 24.8287119412925 58.7714415243964 0.183537866631211
28.1170875726712 25.6684029943506 26.8927452835109 22.3118858819977 23.0608462902465 22.6863660861221 53.1215510744002 0.170781403966151
23.6576487656188 21.9737000809996 22.8156744233092 19.9115638009508 20.6488100488269 20.2801869248888 46.9343651170306 0.157148237608958
23.9350267468806 22.2555114042498 23.0952690755652 19.8923001095856 20.7161917478227 20.3042459287041 47.1077765807137 0.160047429146765
24.3948600694391 22.498960420832 23.4469102451355 20.7018663951893 21.3842232346156 21.0430448149025 48.5923176274306 0.154593312299986
25.0531716470452 23.0359980324436 24.0445848397444 20.9940604155867 21.72655926363 21.3603098396083 49.4405508090212 0.157299476933238
24.703472479774 22.8024486735267 23.7529605766504 21.456892860591 22.1088682779829 21.782880569287 50.0492576193556 0.148820916043655
26.6074051755371 24.6443713706512 25.6258882730941 22.5088844618944 23.3251477402507 22.9170161010725 52.9629435024426 0.155537511272334
28.2893660670288 26.016367275202 27.1528666711154 23.3419530458092 24.3055669262618 23.8237599860355 55.2984413208773 0.160573338408608
30.0926551919757 27.8643799838463 28.978517587911 24.4202901294617 25.4213048173054 24.9207974733836 58.1058643269431 0.165810692635388
40.3197816954694 37.4423313861943 38.8810565408318 30.0033114955423 31.6781366626238 30.840724079083 73.1746305257445 0.186331266706112
