33.0351590616724 31.030121393167 32.0326402274197 27.0108232049468 28.2433382361525 27.6270807205496 64.3743378055555 0.165058633170614
35.6563317384616 33.7240479891464 34.690189863804 28.4777980328728 29.7720242722337 29.1249111525533 68.2691201536765 0.17200563799302
32.0056333340912 30.0894005949569 31.047516964524 26.0754814325781 27.2532061016908 26.6643437671345 62.189701270721 0.166158481413177
28.4495628515491 27.035702622645 27.7426327370971 24.2738129807646 25.168543779687 24.7211783802258 57.1795086032526 0.156488330042346
23.3196296793134 21.917739187485 22.6186844333992 20.7832965896946 21.5476752424224 21.1654859160585 48.3997362803086 0.143364637888779
22.0236910411008 20.5940582096047 21.3088746253528 18.803466921531 19.4857458258969 19.1446063737139 44.1976138030393 0.154309807688811
17.2297196256276 16.6271647526759 16.9284421891517 16.4630519030926 16.9154216997827 16.6892368014377 37.6839048141222 0.128988259393499
16.1243581043385 15.1265806167673 15.6254693605529 15.7359063343917 16.2114833954395 15.9736948649156 35.7416807906992 0.118766856790337
17.2476470625417 16.5395934072571 16.8936202348994 16.5245392527344 17.037804901406 16.7811720770702 37.8205729695745 0.126875190716044
18.1085398551137 16.8521858488033 17.4803628519585 17.0418562563969 17.6134329785299 17.3276446174634 39.0725402849815 0.127462535952604
18.3244053880142 17.1898117603914 17.7571085742028 17.6128011793693 18.1259616793383 17.8693814293538 40.1426557323045 0.12322454727959
20.3110363909278 18.657657158758 19.4843467748429 18.7263782701079 19.4212071669867 19.0737927185473 43.1433014024757 0.130957592941736
21.0130059046087 19.6411186132046 20.3270622589067 19.1086364059009 19.8349348219576 19.4717856139292 44.2772675806298 0.136959610652142
24.4420958309152 22.8251958031747 23.633645817045 20.6803090780881 21.4937290272659 21.087019052677 48.7592987943847 0.156144893514351
31.3211372128576 29.4115992436133 30.3663682282355 23.9028997975554 25.2605062800028 24.5817030387791 58.0745721574902 0.181256076234306
