38.5166478439761 35.571840759872 37.0442443019241 27.2809845284688 28.6441521451087 27.9625683367887 67.0236149727151 0.198452412622916
41.9729769695184 38.9294991309244 40.4512380502214 29.1422369372124 30.8279350006863 29.9850859689493 72.1322268033638 0.202801734136421
38.4552398666874 35.5983321001603 37.0267859834238 27.0813804335667 28.4802358535158 27.7808081435413 66.6687930010811 0.199907372323523
36.2943159253119 34.0783259227646 35.1863209240382 25.3208843040802 26.584841163762 25.9528627339211 62.4937854968954 0.203986360533829
32.3995477437071 30.0970991220836 31.2483234328954 22.7510109509705 23.9775643533489 23.3642876521597 56.108743842976 0.200737310683417
27.777309943802 26.0537961728182 26.9155530583101 20.9098506626774 21.8365499992284 21.3732003309529 50.6996738230394 0.186057142542559
26.7475571221993 25.1746384946795 25.9610978084394 19.8479404325147 20.8951328772437 20.3715366548792 48.4434922595124 0.188999462343201
24.7828458868953 22.788466369146 23.7856561280206 18.611136805653 19.4582660002419 19.0347014029474 45.0791070486026 0.184129608716173
24.5201299482995 21.8793915811908 23.1997607647452 18.9127836798752 19.6332827615196 19.2730332206974 45.2803307313887 0.174706913356066
25.4264225651101 23.0254992362104 24.2259609006603 19.4809528221943 20.5766716650032 20.0288122435988 47.1050661795708 0.175932591674916
27.8531330082047 25.2692568234711 26.5611949158379 20.9058105489617 21.8265203716487 21.3661654603052 50.5453794596484 0.182836937997914
27.499180296244 25.1465101840116 26.3228452401278 21.243622992478 22.2533183601693 21.7484706763236 51.1565507627059 0.17609535686565
29.1116829980989 26.6702059744937 27.8909444862963 22.0121882308605 23.1776187060822 22.5949034684714 53.3721611921422 0.181066368940609
30.5115865279926 27.9786514471237 29.2451189875582 22.6497000425416 23.9588492201598 23.3042746313507 55.239975786657 0.185189770127921
38.1916940128232 35.0570893627045 36.6243916877638 26.2946431584053 28.0509874627164 27.1728153105608 65.3553632346773 0.202587263920288
