32.6404068693496 30.3642585673723 31.5023327183609 25.7952058705389 27.1480760541068 26.4716409623229 62.0379434379418 0.171781219121256
35.3647102796774 32.9385967402357 34.1516535099566 27.064038521687 28.6307029626217 27.8473707421544 65.6880328017732 0.179429710079179
31.6894495174504 29.7388348795387 30.7141421984945 25.3422003545988 26.5593677221218 25.9507840383603 60.7444289264988 0.170377527644381
29.4900379935566 27.9717886595732 28.7309133265649 23.368010279959 24.5445504201935 23.9562803500762 56.2381064374306 0.173765409646571
23.5362875490655 22.2129753986412 22.8746314738533 20.3520486012923 21.2298248128743 20.7909367070833 47.8697446777989 0.151216641948847
21.2229697503096 19.7902397314145 20.506604740862 18.0677642769386 18.8126918555672 18.4402280662529 42.5627365513416 0.154072943089973
17.4265501676013 16.4670343997048 16.946792283653 15.3488995264365 15.9702974142975 15.659598470367 35.9160984821979 0.146775843268356
16.8744348642345 15.8714308815802 16.3729328729073 15.3187437119709 15.8461482742432 15.5824459931071 35.4888548735555 0.13874467748048
19.3197474382927 17.9129689715385 18.6163582049156 16.4720442041278 17.0758193334833 16.7739317688056 38.6988344433588 0.153540952018384
19.12139487646 17.8444115869875 18.4829032317237 16.7591602103285 17.3756943607809 17.0674272855547 39.1512921207469 0.146959394222328
19.8794930422765 18.7248150918341 19.3021540670553 17.564597829277 18.1261599254754 17.8453788773762 40.9242630693362 0.146634749268863
20.9834241394002 19.9424217703924 20.4629229548963 18.1581151059834 18.8327710793129 18.4954430926481 42.6396826072826 0.152707788445248
22.4445870648162 20.9175414500793 21.6810642574478 19.3178218841165 20.0714269025958 19.6946243933562 45.3516963444212 0.151372461810447
23.4780438810933 22.0893775060974 22.7837106935953 19.8458021555202 20.6883351703026 20.2670686629114 46.8959110694042 0.156948541730247
33.0608854750841 31.1752424501219 32.118063962603 25.3343362073433 26.7421371301743 26.0382366687588 61.4962857259312 0.180884222465718
