32.7513210820125 30.5830217313387 31.6671714066756 27.4880308200892 28.6233136317742 28.0556722259317 64.9778713678318 0.158016654253843
36.1290751336197 33.5102392519747 34.8196571927972 29.1993219224936 30.4776402755981 29.8384810990459 69.6267200961868 0.166726950092864
33.4397934299825 31.2158223956853 32.3278079128339 27.1798908330301 28.4296430591608 27.8047669460954 64.8282857509922 0.165776463378989
27.7327211673085 25.8686543053561 26.8006877363323 24.1741069929849 25.0863348969489 24.6302209449669 56.5631966557795 0.148247853361989
23.7563983610969 22.1678578532838 22.9621281071903 21.6134612710213 22.2896017236847 21.951531497353 49.9404336242611 0.137515932095286
20.4719699418087 19.1989157078312 19.8354428248199 19.3815857031954 19.9714768011819 19.6765312521887 44.3610449018677 0.127257755274655
17.5240971805705 16.5307580598836 17.0274276202271 16.9501546607858 17.46207509956 17.2061148801729 38.6124578838907 0.122056261764965
16.0135288875487 14.9355835368126 15.4745562121806 16.0686662735197 16.4900433630167 16.2793548182682 36.1584178270752 0.110560529908082
16.7896216371882 15.7666259192775 16.2781237782328 16.6910954445241 17.1321263472706 16.9116108958974 37.6844877057988 0.114160204423244
17.8937954854962 16.961646707376 17.4277210964361 17.6922785078687 18.102317496416 17.8972980021423 39.9994814795015 0.1174726339896
19.2261318604081 18.0120744765135 18.6191031684608 18.1942944458984 18.7797540410099 18.4870242434542 41.6697029724725 0.126998656563853
20.5593650742684 19.4392499714294 19.9993075228489 18.9577234457453 19.6097623767686 19.283742911257 43.7800280942417 0.135153800165133
21.4965926051668 20.1826430874041 20.8396178462854 19.8718681039666 20.489815261199 20.1808416825828 45.7685998261271 0.13396161929232
24.107535369738 22.6611017799007 23.3843185748193 20.8833368652726 21.6147985092874 21.24906768728 48.9273054034052 0.151281226156895
31.9566636991095 29.8634785687879 30.9100711339487 25.1572443528988 26.518777284714 25.8380108188064 60.6224207081392 0.173124764388107
