36.3536858019552 33.3325975262307 34.843141664093 27.7902007650547 29.0649691550547 28.4275849600547 67.0484191286866 0.179284473565031
42.4123238633796 39.3595314540346 40.8859276587071 30.3453615793025 31.9364609080349 31.1409112436687 74.5066494689343 0.196282422276297
38.64208567236 35.8298540838927 37.2359698781263 28.6344649983232 29.9937871089948 29.314126053659 69.6618736547717 0.188196324312326
35.8878731386548 33.4838484965083 34.6858608175815 26.971391970524 27.84346505322 27.407428511872 65.0808317269928 0.187284529426062
31.1583706510581 28.8360259477619 29.99719829941 24.4864634810426 25.2783542733774 24.88240887721 58.4781826917243 0.175090863997597
30.8456650958116 28.4140720153057 29.6298685555587 23.3035805878673 24.1993492315333 23.7514649097003 56.229712813257 0.183710415905596
25.5276197529726 23.1330255447715 24.330322648872 20.5093243342561 21.3761347979712 20.9427295661136 48.8205024272899 0.165571619333804
22.9461289767142 21.3877191586708 22.1669240676925 19.6727670737385 20.3282943389678 20.0005307063531 46.1282324673114 0.153175211812227
25.1840538125605 23.4827248148098 24.3333893136851 20.7118442013731 21.5002353893182 21.1060397953457 49.1171991739349 0.163581601527307
26.148159813012 24.3982246537313 25.2731922333717 21.0821002388869 21.8283261847392 21.455213211813 50.1689652129767 0.169155596770164
27.4036119830915 25.2796850139135 26.3416484985025 21.9508217165043 22.9778506011059 22.4643361588051 52.4757761097099 0.167979675400769
27.391323219396 25.3093988886886 26.3503610540423 22.4643429371921 23.3565289288573 22.9104359330247 53.2875968981587 0.162954669521286
30.6878288499948 28.252805984777 29.4703174173859 23.8539189781791 24.9339183644198 24.3939186712994 57.3562886399119 0.175626790692597
32.3225196423407 29.983052688499 31.1527861654199 24.4988953924829 25.7633807844902 25.1311380884866 59.4162631733836 0.182124402089934
38.8235221441892 36.038181594506 37.4308518693476 28.4016267916911 29.8922846234165 29.1469557075538 69.4216088733346 0.190889531824127
