38.9565563138253 36.4234190427423 37.6899876782838 28.6948256691049 29.5953789299818 29.1451022995433 69.5165937288218 0.192594779979742
44.1410043993028 41.2324419582567 42.6867231787798 31.2807783070033 32.5728902854264 31.9268342962148 76.6666488175074 0.200661614399347
42.4199507247253 39.4194347878891 40.9196927563072 30.2240351248466 31.4117266202577 30.8178808725522 73.9012154804597 0.198998980268619
38.0171492468087 35.3022659969345 36.6597076218716 27.871450377248 28.6668870108018 28.2691686940249 67.4659702923216 0.193278285303478
36.8116177405306 34.197540218054 35.5045789792923 27.0859910526876 27.970648440053 27.5283197463703 65.6244229685392 0.191943852243143
33.3514225239827 30.9154308223133 32.133426673148 24.4608931961947 25.1607724301068 24.8108328131507 59.1968304261002 0.192963389659448
29.1292337551883 27.2774218880611 28.2033278216247 22.5665545782186 22.88039174183 22.7234731600243 53.7381190019786 0.18243629887785
25.0000460285222 23.4489644671778 24.22450524785 20.093485672829 20.3001785995117 20.1968321361704 47.4136739571208 0.17378987054628
28.3953318631519 26.1977261558852 27.2965290095186 21.8081557367749 22.5744105038104 22.1912831202927 52.3795105024293 0.180182106156159
28.7032196648045 26.6608138410631 27.6820167529338 22.8457640143379 23.5168151409677 23.1812895776528 54.3677703581806 0.172664923926237
30.7449958796559 28.6941745687107 29.7195852241833 23.3781136471088 24.2441273227333 23.811120484921 56.3770611905107 0.183838896330245
30.9761825816456 28.4537857149037 29.7149841482746 23.8796432197627 24.7445042153314 24.3120737175471 57.3071248743322 0.178573361123265
32.4804865200387 30.7978663059702 31.6391764130044 24.9477896748557 25.60592205185 25.2768558633528 59.883413940762 0.18455029107443
34.7440996895278 32.7254278666646 33.7347637780962 25.7363362817863 26.5777553325494 26.1570458071679 62.3549974520002 0.191935012686196
46.9531573609802 43.650525943264 45.3018416521221 32.0905454393401 33.9330211571413 33.0117832982407 79.6807109688982 0.206852569111961
