36.7337749474181 33.889230051914 35.311502499666 27.2138429013991 28.5523305832593 27.8830867423292 66.2195672776845 0.187450440649328
41.2934802945669 38.549478646418 39.9214794704925 28.7642865351771 30.3890789398014 29.5766827374893 71.1572560365974 0.20292827745695
35.975484888528 33.4988904931646 34.7371876908463 26.7862000177199 28.2473548682223 27.5167774429711 65.306365589117 0.186664494497319
34.6078238588677 32.126668068296 33.3672459635819 25.0922112866886 26.6520400472881 25.8721256669883 61.6757635842383 0.191934601317546
28.2259150551735 26.6582660509991 27.4420905530863 21.5738895715022 22.365853536074 21.9698715537881 52.0258244879161 0.184026596617624
27.3414347765909 25.2115715185332 26.2765031475621 20.368105587752 21.2568047017529 20.8124551447524 49.3959237802574 0.186691417151522
22.8320745635444 21.3254181984176 22.078746380981 17.8256607228681 18.3426121290635 18.0841364259658 42.6169301401528 0.178295969913221
20.597255531272 18.96675052959 19.782003030431 16.8817635888426 17.6332593098949 17.2575114493687 40.1090350993866 0.162074706340521
21.3276286978344 20.1399724347627 20.7338005662985 17.0274123518035 17.6608741140127 17.3441432329081 40.687257392411 0.172939384956549
22.1147505237236 20.6707009598128 21.3927257417682 18.023362479462 18.7949013586243 18.4091319190432 42.9169279071453 0.165642358799934
22.6480393646268 21.1649175887729 21.9064784766999 18.7009293901648 19.5409652027773 19.1209472964711 44.434660270075 0.16193668601021
23.5662433894029 21.9923068719906 22.7792751306967 19.403122940126 20.1198074854679 19.7614652127969 45.9863711704756 0.163536475541711
25.8698162131898 24.1688118704156 25.0193140418027 20.5204111514647 21.3160212428247 20.9182161971447 49.0771339924465 0.173071679007349
27.8751251615962 25.7719215753537 26.823523368475 21.3387079119518 22.4878951024602 21.913301507206 51.6695404481869 0.178953806463069
35.3178032450854 32.9504695568635 34.1341364009745 25.0158461966437 26.6316452494754 25.8237457230596 61.869135315134 0.197911720062502
