30.4878293322304 28.5248310120537 29.5063301721421 24.6035125276078 25.7625670368434 25.1830397822256 58.8162916828068 0.167775856120431
35.8947509235225 33.7072746967865 34.8010128101545 27.362966983118 28.8679930100016 28.1154799965598 66.4512757933124 0.181756025531903
30.570526960477 28.3132537362341 29.4418903483555 24.6668111381514 25.8954870719858 25.2811491050686 58.9658558318405 0.166202050127905
27.8761381714192 26.2505242473047 27.0633312093619 22.5403504922912 23.5649072352055 23.0526288637483 53.8640360099814 0.16828402366478
22.9075345320733 21.5984444984376 22.2529895152555 19.4201571600971 20.1745246552639 19.7973409076805 45.8077545342834 0.156916849285351
18.3168412879408 17.2587212377848 17.7877812628628 17.3447807040215 17.8765293830514 17.6106550435364 39.7228613954794 0.127807605602349
14.2709266042662 13.2561356994659 13.7635311518661 13.9162829900457 14.2930544839004 14.104668736973 31.5400696517873 0.118071974604775
14.8451525588752 14.0115967503744 14.4283746546248 14.7126711764936 15.1029999469096 14.9078355617016 33.2662670320644 0.11573094881479
17.2288573530957 16.3114119155758 16.7701346343358 15.6318202273416 16.2066400414439 15.9192301343928 36.278453423159 0.139453764939956
17.6110518989356 16.5159101981025 17.0634810485191 16.375757850873 16.8664291470725 16.6210934989727 37.6414331783818 0.132339252550028
18.5394042065777 17.2509230534361 17.8951636300069 16.8295225605984 17.4313083348546 17.1304154477265 38.9596692334213 0.1371489895358
20.254273858349 19.0653630363285 19.6598184473388 17.9275103256827 18.5871833648736 18.2573468452781 41.8249464930043 0.145427833722223
21.96197486207 20.7848645643036 21.3734197131868 18.8456438087276 19.5767903510647 19.2112170798962 44.3468041165583 0.154190386067875
23.4699482418407 22.0414310804588 22.7556896611498 19.5226922336317 20.3697769546777 19.9462345941547 46.3083543334703 0.160829481746922
30.1654715838409 28.2139672439472 29.189719413894 22.9354677802954 24.2756452679271 23.6055565241113 55.7802748313115 0.181507302620384
