35.7002720531926 33.5688060975124 34.6345390753525 26.4188695373167 27.8280115711655 27.1234405542411 64.5261436747001 0.189490388316732
39.5875852101521 36.4968113249869 38.0421982675695 28.3339027360446 30.2397196084818 29.2868111722632 69.918234121787 0.193681239492622
34.9083932615696 32.8816411652194 33.8950172133945 25.7296626020945 27.2986362538148 26.5141494279546 63.0914849230018 0.189770109247456
32.7356188837694 30.5748627776742 31.6552408307218 24.4731850244755 25.7635921827946 25.1183886036351 59.5928778540944 0.186240064887566
28.5031303967852 26.548363486724 27.5257469417546 21.9875265637563 23.2263052204128 22.6069158920846 53.2442374269447 0.177609490854682
22.9729975054488 21.3895935817793 22.181295543614 18.8384298649236 19.591518494358 19.2149741796408 44.7291061707391 0.163912731616672
21.6342669859657 20.3678967725737 21.0010818792697 16.8199744155681 17.6362983872082 17.2281364013881 40.5861826877685 0.17790403274548
20.174206657496 18.4797479458538 19.3269773016749 16.564741037263 17.2006307067172 16.8826858719901 39.2262846353515 0.161731164483473
21.49817556549 19.8539080984973 20.6760418319937 17.1941228990309 18.0162869013149 17.6052049001729 41.1392260061671 0.168382482323824
21.657607526321 20.1637689420804 20.9106882342007 17.7604768541877 18.6237348477364 18.1921058509621 42.3073237641807 0.162793469617573
23.5684825845945 22.1527585305078 22.8606205575512 18.8346668082761 19.729771237031 19.2822190226535 45.1519142050523 0.170817377191029
23.0166522951502 21.4016886361543 22.2091704656522 19.3683657724031 20.3087298602481 19.8385478163256 45.8605289552132 0.155843899962111
26.301106297706 24.8646011367018 25.5828537172039 20.395981309038 21.4933810808737 20.9446811949558 49.3629069999402 0.178411515087384
26.9393155165762 25.2400309572929 26.0896732369346 20.8192471981853 21.9799972036841 21.3996222009347 50.4148773291787 0.177938490123828
35.47338833785 32.9964142789077 34.2349013083789 25.229395371407 26.926982954181 26.078189162794 62.3922781818483 0.196254038046168
