36.2647377718214 33.9884211173473 35.1265794445844 28.5010233653631 29.4797112606765 28.9903673130198 68.2070756796816 0.176374810005413
39.5179446418136 36.4568768604737 37.9874107511436 30.3175946458947 31.4047045782704 30.8611496120825 72.8543717401794 0.180357385514506
36.1602149251992 33.4473729794128 34.803793952306 28.1979920840442 29.1262386965783 28.6621153903112 67.4661251883603 0.176921596149289
33.2816486065498 30.8608098095538 32.0712292080518 26.886925068634 27.5569644986664 27.2219447836502 63.6556148539772 0.16919667863351
27.7389415688741 25.7776735302013 26.7583075495377 23.5943466142784 24.2119248700837 23.903135742181 55.2560415043915 0.155832483662031
25.9317533150823 24.7525279259337 25.342140620508 22.8170394594538 23.154715297219 22.9858773783364 52.9489979680971 0.151772392599645
23.3490838149444 21.5649781186279 22.4570309667861 20.0576244730288 20.5378945666514 20.2977595198401 46.7948035543768 0.152708591030383
24.4238892490705 22.423544817957 23.4237170335137 20.1388263081543 20.9950524336765 20.5669393709154 47.7309407333942 0.160380255724695
24.0581067364105 22.0472455104242 23.0526761234173 20.8183249873018 21.3915831996545 21.1049540934781 48.510817195835 0.149275591431538
25.3529318347633 23.6413630130339 24.4971474238986 21.6489770428987 22.5860881666881 22.1175326047934 51.0030373001279 0.153000160810757
26.5081577441036 24.3732074729371 25.4406826085203 22.1400795498033 23.0594210251216 22.5997502874624 52.3097817221649 0.157308843168606
28.211038491281 26.538489294571 27.374763892926 23.563905280664 24.5298695134267 24.0468873970453 55.8014033116651 0.160262498640917
28.5456124642368 26.3131560839234 27.4293842740801 23.9771655419694 24.8982668173915 24.4377161796805 56.5261602203649 0.156535246680812
29.3987049189374 27.1943680193038 28.2965364691206 24.6000879430275 25.5660561208983 25.0830720319629 58.0860308122481 0.157873141260969
36.1680799254615 33.5451232826237 34.8566016040426 27.5827578527561 28.9984357716675 28.2905968122118 66.7996366976878 0.180597870400058
