37.8525692054414 34.9154575705797 36.3840133880105 27.3949728977433 28.7539630681196 28.0744679829315 66.9925694001106 0.193122687860733
42.4479357905238 38.9600593311476 40.7039975608357 29.5978294600206 31.2456406510138 30.4217350555172 73.0630282936912 0.200835983883843
39.7623482312436 36.8714550649862 38.3169016481149 28.0337965797641 29.4663357879857 28.7500661838749 68.9942096152883 0.199896535437982
34.992597303343 32.1596624536128 33.5761298784779 25.4473985326447 26.6757729715762 26.0615857521105 62.1139381752829 0.191676108393612
31.6515515907936 28.9042979819643 30.277924786379 23.4946858203981 24.5366732443747 24.0156795323864 56.9815895978013 0.186341396689581
29.1927456216687 26.782129841842 27.9874377317553 22.4066532491959 23.5606258624826 22.9836395558393 54.1327509769052 0.177636615066738
27.1108054270957 24.908190444724 26.0094979359098 20.2496469607623 21.1964663780361 20.7230566693992 49.1229421065124 0.185224334667047
27.8483200136007 26.0538881128293 26.951104063215 19.9413544295083 21.1007051921617 20.521029810835 49.1009814813081 0.196357637358507
27.2675443325639 25.0864486739456 26.1769965032547 20.566723043179 21.664783589921 21.11575331655 49.9235887243127 0.182140839966715
27.4868617210142 25.4111804757597 26.449021098387 21.267047524593 22.4907577639288 21.8789026442609 51.4500402193766 0.175791150404716
28.9136973342049 26.3276513886402 27.6206743614226 22.1927870453829 23.3382524877112 22.7655197665471 53.5768505119523 0.17671046084968
30.7730103872631 28.646442307618 29.7097263474406 23.5227475241651 24.7373770024397 24.1300622633024 56.9673418692092 0.180422604127437
32.0793654168196 29.3426840144034 30.7110247156115 23.6102403896477 24.9469333263009 24.2785868579743 57.6452777288447 0.187162952812287
33.5516827627756 30.8546521154218 32.2031674390987 24.8186330575159 26.2663395147708 25.5424862861434 60.6043401240508 0.186343792947991
42.3198213413043 38.923047420193 40.6214343807487 29.2657454504329 31.412682165711 30.3392138080719 72.8748038682539 0.201000202728806
