25.0015704347913 23.4507123140115 24.2261413744014 19.6143725338081 20.5363974272019 20.075384980505 47.1909679445628 0.175344034258607
26.2959184386556 24.9574768997372 25.6266976691964 20.6474949792477 21.7037318208246 21.1756134000361 49.8079057506314 0.176067602144325
25.2830739903775 23.687164398196 24.4851191942867 19.6205924614908 20.7055182388254 20.1630553501581 47.4613185902397 0.176937665597082
21.199015173734 19.9328597038492 20.5659374387916 17.7239163847095 18.411158984499 18.0675376846043 41.9252551040043 0.160237101365771
19.7919902294424 18.1754736478084 18.9837319386254 16.3053174379157 17.1155749994455 16.7104462186806 38.7588384599526 0.159718835533671
15.1741838573782 14.7291628476237 14.951673352501 14.0258995866902 14.3839586416371 14.2049291141637 32.3652012540281 0.139224314106462
9.81427463104257 9.7666978929215 9.79048626198204 11.5792381339188 11.5353606919456 11.5572994129322 24.8813859732309 0.0764359857887551
10.3745934397539 10.0864040401821 10.230498739968 10.8076819678282 10.896526844832 10.8521044063301 24.0518864285363 0.108166929103017
10.8568612674873 10.4166553015405 10.6367582845139 12.1250761742465 12.2936996125198 12.2093878933832 26.4919244083649 0.0848997771101214
13.3992800533636 12.4081411118132 12.9037105825884 13.1157263922549 13.5248302648889 13.3202783285719 29.7306789420696 0.115993157526504
12.8954657164644 11.9603143708475 12.4278900436559 13.1189829610705 13.4861928491545 13.3025879051125 29.4132824959302 0.105547383175944
15.1977095681753 13.9584275123763 14.5780685402758 14.2308019647315 14.7523562755432 14.4915791201373 32.6544865215709 0.126671091219958
17.81169636863 16.5648597471868 17.1882780579084 14.8600044771704 15.4275825177174 15.1437934974439 35.1178203352994 0.159478975371227
19.1680535100623 17.8828600978549 18.5254568039586 15.8181309499633 16.570535239731 16.1943330948471 37.6207370421643 0.16154017648726
25.3553713417522 23.7489354335634 24.5521533876578 19.3510872351548 20.4413377391879 19.8962124871714 46.9944216752356 0.180989138147184
