25.897358291195 24.4019442707471 25.149651280971 20.2472753205842 21.2938383612213 20.7705568409027 48.8606761739995 0.176200439599673
27.8663857400206 26.2998649661573 27.083125353089 21.8823109257946 22.939332329288 22.4108216275413 52.697138772049 0.175707424918504
26.3066627963384 24.9321673262802 25.6194150613093 20.536326648015 21.4765903610321 21.0064585045236 49.4923954399262 0.178028067636159
22.4870198776531 21.6426230463665 22.0648214620098 19.6921768025009 20.3264263652055 20.0093015838532 46.094447945967 0.151825508571564
18.6356923055233 17.5667370973456 18.1012147014345 17.384106574935 17.7595089767882 17.5718077758616 39.8277786407746 0.133286317173525
14.5876583003786 14.1715985145333 14.379628407456 14.9572756540224 15.2866730294377 15.1219743417301 33.5909109654888 0.110665519144297
13.4754517835391 12.6018469352247 13.0386493593819 13.2330216302029 13.5166438330537 13.3748327316283 29.9006370993155 0.11779480533643
10.188232743242 9.87448675448054 10.0313597488613 12.538879617178 12.6165050054661 12.577692311322 26.6110865804407 0.0578684039076987
15.843945277463 15.18122253745 15.5125839074565 14.3287079074518 14.9521839491232 14.6404459282875 33.4106003713613 0.141037661523927
15.1767986419536 14.3803329379176 14.7785657899356 14.1909805055989 14.5820420831786 14.3865112943888 32.5857639961813 0.132510979534376
16.0303582293644 15.1510373679983 15.5906977986814 15.1321916090599 15.5929686208863 15.3625801149731 34.6927081775521 0.129130260604433
18.2714462570018 17.0540738442194 17.6627600506106 16.509157756333 17.1465930176201 16.8278753869766 38.3154945363431 0.138453121836051
20.2664836408707 18.4471720764983 19.3568278586845 17.1721627532275 18.0066886114919 17.5894256823597 40.5007010401391 0.151279802181289
19.9574834051751 18.4545621800288 19.2060227926019 17.6622502412543 18.377851625231 18.0200509332427 41.1808438509705 0.142639496512233
27.4923197973924 25.7315746609686 26.6119472291805 21.4161534790334 22.5665267278794 21.9913401034564 51.7257901902861 0.176049070837578
