31.8706595288675 29.7096876235867 30.7901735762271 25.3591785029374 26.7884626263479 26.0738205646427 61.0021303671515 0.169796543930221
35.8074845769652 33.223397189694 34.5154408833296 27.3836173385242 29.0083527476794 28.1959850431018 66.4841222800381 0.178964348619264
32.7685229739572 30.6920987428473 31.7303108584022 25.2395259050417 26.6746562988137 25.9570911019277 61.18662857061 0.178611045635734
28.5580172154551 26.7206103285783 27.6393137720167 23.1063806424772 24.2121677992096 23.6592742208434 55.2213238507379 0.167012211264048
24.0659077541365 22.4527144216823 23.2593110879094 20.0101007516522 20.9124222207188 20.4612614861855 47.4653350719126 0.159882911030657
21.1337894947114 19.9235379231819 20.5286637089467 17.9729877272015 18.7017084745762 18.3373481008888 42.3902617812284 0.155844933193305
17.37625242605 16.4427720392827 16.9095122326664 15.5016268067925 16.0408733245441 15.7712500656683 36.0927069092509 0.144256376601985
16.1668646502285 15.2268052342077 15.6968349422181 14.4780911637252 15.0564863086045 14.7672887361649 33.7256976746558 0.141905541267777
16.9463324870923 15.9323776756893 16.4393550813908 15.5647435671601 16.0375013041802 15.8011224356702 35.9009755025597 0.136026116142077
17.7157854758603 16.8325105777991 17.2741480268297 16.1106837361808 16.7153655689411 16.4130246525609 37.3953488431327 0.139197364128066
19.0542082310646 18.2315825215546 18.6428953763096 16.640350761745 17.1704617096362 16.9054062356906 38.944557220731 0.15183736722373
20.3341906926843 19.1754104592847 19.7548005759845 17.5747290608746 18.3017220955036 17.9382255781891 41.3107005829009 0.15147120886723
21.9250391475963 20.8889657295382 21.4070024385673 18.3460950247167 19.1263055940765 18.7362003093966 43.5136749988981 0.161219304884221
23.1161508515964 21.6245949164332 22.3703728840148 19.3120762887235 20.2298324642551 19.7709543764893 45.8155803184726 0.15865879426019
29.2918564318847 27.6653362144279 28.4785963231563 22.1561060521889 23.3879579562819 22.7720320042354 53.9391654839617 0.184329212999734
