32.4648149516882 30.7239917908914 31.5944033712898 28.1542534309211 29.3096939200406 28.7319736754809 66.1451154664617 0.1510715590504
35.6701418751538 33.5741590986052 34.6221504868795 29.5668444513386 30.8906562750926 30.2287503632156 70.2430733451828 0.161858702413636
34.129320336782 31.9390800526371 33.0342001947095 28.1637598261925 29.5521380052836 28.857948915738 67.0495194710746 0.161716649836267
28.4891445462866 26.7632587785312 27.6262016624089 25.0731880082696 26.0957154526426 25.5844517304561 58.6486422091832 0.14617742891412
25.0303076761449 23.6544754342161 24.3423915551805 22.6852148501229 23.5590649519302 23.1221399010266 52.6850729036963 0.139277617236394
21.3311308012719 20.1053894266286 20.7182601139503 20.4422310318312 21.0349883176957 20.7386096747634 46.6504167101363 0.1247238229018
18.5038326424401 17.3645820849353 17.9342073636877 17.8992369161096 18.4732561174077 18.1862465167587 40.7757935713592 0.121061279296532
18.7604369375721 17.6477102630289 18.2040736003005 17.4396791293611 17.9640442176195 17.7018616734903 40.1057973172244 0.132812979136692
18.3728452601493 17.7245006776259 18.0486729688876 17.4276124658382 17.9077695137982 17.6676909898182 39.9631963764616 0.13096828554145
19.6105105330982 18.651052618484 19.1307815757911 18.5227651021446 19.0574038184383 18.7900844602914 42.4667610222168 0.130031137219227
19.2187095378578 17.842874028685 18.5307917832714 18.7055327319081 19.20529795505 18.955415343479 42.4067522948517 0.118592009893373
20.2095538096112 18.8494718798945 19.5295128447529 19.9914548541419 20.5475310633866 20.2694929587642 45.178402762546 0.114443337444502
23.0060683473684 21.4438158798088 22.2249421135886 20.9827583352189 21.7245527313783 21.3536555332986 48.5212709834097 0.136135002921311
25.3809296092798 23.6852943773261 24.533111993303 21.9515369768508 22.9429529504857 22.4472449636683 51.6031588321152 0.149431899452179
32.2444558060062 29.9167317861433 31.0805937960748 26.0261376640453 27.3759115758651 26.7010246199552 62.2709568830416 0.166078039501582
