31.1665308498288 29.8199530361699 30.4932419429993 25.7735873867988 26.7819907186571 26.2777890527279 61.2415676490003 0.165272457399585
36.6804314250925 34.0201872243688 35.3503093247306 28.8871217728222 30.349873016662 29.6184973947421 69.4571188469006 0.172529415000483
31.7928167052947 29.8333056723595 30.8130611888271 26.4129778450608 27.6084895565678 27.0107337008143 62.7087124367193 0.16081097854126
28.2254857427293 26.435362643135 27.3304241929321 24.2569601342688 25.3271609642543 24.7920605492615 57.1081422935209 0.151742554436888
25.0172950347037 23.499657341387 24.2584761880453 22.0022380759019 22.7436843776947 22.3729612267983 51.3367124269772 0.147293644023443
22.0819512148266 20.5350045069234 21.308477860875 19.6758746510378 20.2987749479036 19.9873247994707 45.6795281884884 0.142712410159514
16.4831488642132 15.5926208560846 16.0378848601489 16.3677226339552 16.7572968674093 16.5625097506822 36.96336423337 0.115874489729659
15.0730345610808 14.2872336607276 14.6801341109042 15.6445009209039 15.9468573269738 15.7956791239389 34.8776881842102 0.10402623117837
16.1020201302194 14.9807711434075 15.5413956368135 16.0308688327509 16.5232279983066 16.2770484155287 36.1950354588305 0.111842716653087
18.9786629938631 17.8391788721484 18.4089209330057 17.418036803862 18.0650178479571 17.7415273259096 40.2835445222627 0.135289645086895
18.4846809462774 17.3885927369037 17.9366368415905 18.0544303049526 18.5839540628263 18.3191921838894 40.9995711280137 0.119033271676419
18.8355699611148 17.6668073672726 18.2511886641937 18.9405181601208 19.449832834799 19.1951754974599 42.6378172432139 0.110638901135762
20.8122659364511 19.3897039378337 20.1009849371424 19.7519586700975 20.4139988291746 20.082978749636 45.1968238609134 0.125251996338754
24.3488473730253 22.8522002871346 23.60052383008 21.0425427232555 21.8141898932541 21.4283663082548 49.3493342392034 0.151495488020303
30.7243961467179 28.763879589058 29.744137867888 24.7330932788375 26.0308582389101 25.3819757588738 59.2830002827103 0.167816895853436
