33.6728394712488 31.4972153194076 32.5850273953282 24.0112347576047 25.6094356915937 24.8103352245992 59.3642907644458 0.196362125441714
38.1808687298724 35.1922293055515 36.686549017712 26.2921203096444 28.1064789254453 27.1992996175448 65.4284195371633 0.202759270590905
33.5097880318883 31.0574226859362 32.2836053589122 23.8701980359541 25.421901894506 24.64604996523 58.9395462606267 0.195719929639375
31.171130206784 28.9681485190631 30.0696393629235 22.5478422640997 23.9741959715833 23.2610191178415 55.4777261692293 0.192504203882391
26.7729378745834 24.3495021119894 25.5612199932864 19.4557079209885 20.704791627043 20.0802497740158 47.7397115277148 0.188723050384831
21.460419183401 19.6645222121894 20.5624706977952 16.8516589729955 17.6633732346543 17.2575161038249 40.4549677318917 0.172097058710707
20.6529914305442 19.2095516216318 19.931271526088 15.8808079343687 16.7159935645749 16.2984007494718 38.4222044845998 0.17871087707317
19.0393088855453 17.8773007962437 18.4583048408945 14.7917704317044 15.408810174013 15.1002903028587 35.5945308789845 0.178604191213661
19.7418163903771 18.3201395070673 19.0309779487222 15.7672828618573 16.5735947615078 16.1704388116826 37.8040660638342 0.168925175874698
21.182376346445 19.917547470607 20.549961908526 16.3417627915039 17.2357933186726 16.7887780550883 39.5860739594878 0.178944466047372
21.3030351781579 20.1133387226234 20.7081869503906 17.0727045839093 17.9137283742034 17.4932164790564 40.9490855463729 0.170427565319357
22.7607961778035 21.3334534006365 22.04712478922 17.6890909869332 18.5743748974734 18.1317329422033 42.6918304574373 0.177268344772167
24.9823996725473 23.4131830283169 24.1977913504321 18.516879350829 19.5854228153554 19.0511510830922 45.2723390073104 0.188178572776354
26.7604157482494 24.9044355019708 25.8324256251101 19.2327313584374 20.3513715045955 19.7920514315164 47.2969682208525 0.194847547372929
34.3704163291974 32.4795363639702 33.4249763465838 23.0378214548052 24.6747091669102 23.8562653108577 57.8142824706012 0.211721149921321
