36.4314771011376 34.018070090998 35.2247735960678 27.2246986700454 28.8383189154142 28.0315087927298 66.4640575872697 0.185524084320922
41.1417324700202 38.4623429381032 39.8020377040617 29.9469502948953 31.8786147100986 30.9127825024969 73.6668904267481 0.191527977476596
35.7477516612057 33.4679117713226 34.6078317162641 27.3268630162185 28.8862244323602 28.1065437242894 66.3560694198388 0.180438087136529
33.095201207557 30.8151731382817 31.9551871729193 25.0801075121641 26.5308516971557 25.8054796046599 60.9970154702351 0.181861689933877
29.0325544353453 27.135321139706 28.0839377875256 22.3071298491392 23.6692741924455 22.9882020207924 54.1812037029241 0.178456750421764
26.492807834411 24.9824270833614 25.7376174588862 21.2824018584194 22.2842000596836 21.7833009590515 50.9701865543351 0.169937160812988
24.2741339542109 22.2763370312372 23.2752354927241 19.3710955727004 20.4447163715745 19.9079059721374 46.4736756176605 0.167216574226941
25.0482884742982 23.2967660565698 24.172527265434 17.9221217736419 18.868543684315 18.3953327289785 44.0196550559253 0.196489775544542
23.0585739211931 21.5586942390471 22.3086340801201 19.0658261480884 19.8592107001878 19.4625184241381 45.2333748685035 0.162063764892921
24.175805603264 22.6134728192605 23.3946392112623 19.8373421388793 20.8296548103608 20.3334984746201 47.2975691365407 0.163045532857435
25.6389664332444 24.1796976542756 24.90933204376 20.4961570093291 21.4796077188098 20.9878823640694 49.1574360522264 0.171090899012814
26.1125062550361 24.1564650643665 25.1344856597013 21.2468302184249 22.2565620396581 21.7516961290415 50.6453759008449 0.164170729500638
29.5566940335146 27.8973431876538 28.7270186105842 22.6645436136592 23.9623978661503 23.3134707399048 55.0487659897625 0.180621422779783
30.7764743548706 29.0359761298571 29.9062252423639 23.4202942748385 24.7149639369272 24.0676291058829 56.9308181975042 0.182725933390515
39.0759021125066 36.712731820755 37.8943169666308 27.7837793361658 29.7211030404893 28.7524411883276 68.8451580455548 0.197205440654954
