35.6052415452349 33.2579373582601 34.4315894517475 28.7956524439225 30.1724582113927 29.4840553276576 68.8110177685457 0.166919153485602
37.4855729921766 35.2277954883142 36.3566842402454 30.0033839422625 31.4803354733499 30.7418597078062 71.9470079656686 0.170179824016945
35.7435557285677 33.5155590397592 34.6295573841634 28.3890494814048 29.7790065634689 29.0840280224369 68.1681513902169 0.171917303504668
31.8799772708686 30.0699510735591 30.9749641722139 26.0493385766776 27.261892792268 26.6556156844728 62.1414875979292 0.165635945789227
28.808549071811 26.7975805046078 27.8030647882094 24.0655033000073 25.0798520870909 24.5726776935491 56.9425370407455 0.158655514691715
20.9671396474371 19.3750942274913 20.1711169374642 19.6817093417434 20.3462171863301 20.0139632640368 45.119298738569 0.127195502043419
17.9135906509782 16.6885505999079 17.301070625443 17.3248465092075 17.7910684587954 17.5579574840014 39.359302289323 0.120839434916809
18.0981147567529 16.8434994913462 17.4708071240495 17.1506754818304 17.568258940125 17.3594672109777 39.1211301027245 0.126795241676116
19.9449292398181 18.8740485666512 19.4094889032347 18.1786039203742 18.7811090014157 18.479856460895 42.0835834596538 0.138633937679829
20.6343458609854 19.4325988143881 20.0334723376867 19.4162498375927 20.0218956122988 19.7190727249458 44.5426736416159 0.129431243114864
19.9290931229603 18.7424397559683 19.3357664394643 19.495079225503 20.0052024817923 19.7501408536477 44.201004928011 0.119004802435305
22.6941339923866 21.3120402170025 22.0030871046946 20.5671531549415 21.2783305023851 20.9227418286633 47.6612070185768 0.138980909119734
22.1673284513548 20.8663966292002 21.5168625402775 20.9445555261111 21.4715567965774 21.2080561613442 47.8899534950984 0.129050987293857
24.1190019625516 22.9089211423206 23.5139615524361 22.2181961843358 22.8812276912745 22.5497119378051 51.2623879088891 0.136652832867159
32.6667306145682 31.0651709193825 31.8659507669754 26.4414918915151 27.6819927375846 27.0617423145498 63.2737566001783 0.169062876010002
