31.8444468913872 30.0715544504625 30.9580006709249 26.1838835762698 27.3207547886533 26.7523191824615 62.3089029431074 0.164551426703154
35.0302896031939 32.7194984173259 33.8748940102599 27.507296326031 28.864711746755 28.186004036393 66.1977942964068 0.174302576039761
31.2791209248103 29.2402650267877 30.259692975799 25.5192023632589 26.5917867771102 26.0554945701845 60.7344314427982 0.165482222553876
27.0349895858816 24.865332776704 25.9501611812928 23.0523501234712 24.1092931340847 23.580821628778 54.2962065716531 0.151278938164523
23.7066463531682 22.0519427630322 22.8792945581002 20.4708359061002 21.3061977594558 20.888516832778 48.04427231664 0.150016363087338
20.1345717173922 18.9131203376982 19.5238460275452 18.185540220608 18.7851694385415 18.4853548295748 42.1525819476653 0.140161558603819
17.2114730749978 16.0340375732984 16.6227553241481 15.9784610970696 16.4928858179597 16.2356734575147 36.744173911706 0.131587611929301
14.9937876193475 14.1742322129302 14.5840099161389 15.0318224405719 15.3820873629713 15.2069549017716 33.8541350665721 0.113113548545742
17.1474013728706 16.267065495113 16.7072334339918 16.0817357680491 16.5782909020391 16.3300133350441 36.9511028162728 0.131386180101152
18.2234978517043 17.2771894542734 17.7503436529888 16.8954158704599 17.4774893696383 17.1864526200491 38.9790892878105 0.134006247523672
19.2656445523089 18.0062468683669 18.6359457103379 17.5455620992448 18.198453239399 17.8720076693219 40.6283842159613 0.13664857825967
20.7612058075801 19.8735190753212 20.3173624414507 18.304515287804 18.9534221191231 18.6289687034635 42.8044531142909 0.148868029026552
21.8360325583168 20.6062696821878 21.2211511202523 19.2674879410325 20.0770728163378 19.6722803786852 45.0852922818416 0.145909152725661
22.750019154935 21.3083860486272 22.0292026017811 19.8532011482034 20.6437414779773 20.2484713130903 46.4987422799773 0.148203772052574
34.915537276241 32.765114469968 33.8403258731045 26.7196728169596 28.1821387092626 27.4509057631111 64.8244264529316 0.180733834656261
