34.0399704008502 32.1453003333172 33.0926353670837 24.6548215088687 26.0300901649826 25.3424558369257 60.5666500680255 0.194964104066342
37.8951969201632 35.6736031842848 36.784400052224 26.3589309933043 28.2098005109309 27.2843657521176 65.6270776465178 0.202649866277802
32.3547553645844 30.3387845272443 31.3467699459143 23.7577041243187 25.2194690609696 24.4885865926442 58.2874136184971 0.190093462478664
30.9681398050634 29.0328156728974 30.0004777389804 22.5733116915004 24.0014868623703 23.2873992769353 55.5014805435291 0.191663351572706
28.2907924249519 26.4844015673939 27.3875969961729 20.717547027116 21.9728392367772 21.3451931319466 50.8303003911833 0.190673236755758
24.0966454552894 22.6030882172139 23.3498668362516 18.1217597113047 19.0088461679523 18.5653029396285 44.0273138141769 0.185741863662203
20.6865202515995 19.5233575839246 20.104938917762 15.6312903314547 16.3930943388791 16.0121923351669 37.9592672914024 0.185323861243975
19.1750140615649 17.6100888208271 18.392551441196 15.4237661377138 16.1002852082105 15.7620256729621 36.7796247769028 0.166716307282568
22.3122659971927 21.0937609462772 21.7030134717349 16.5192090053099 17.4565145175858 16.9878617614478 40.4179700574098 0.189613225754352
22.5467333062554 21.098411044818 21.8225721755367 17.5452294708342 18.3785071663143 17.9618683185743 42.2843709057458 0.177059372549226
23.2084313439612 21.580083697163 22.3942575205621 17.9490265258138 18.83301633254 18.3910214291769 43.3155906346309 0.177628735887171
25.6008281171165 23.4993065046154 24.5500673108659 18.9203650924296 20.1163244310549 19.5183447617422 46.2880473323849 0.185757498840626
26.7764403931948 24.8846669651388 25.8305536791668 19.9282705283861 21.1603278385094 20.5442991834477 48.7171808687976 0.18566178465821
27.9772478620081 25.9784617787619 26.977854820385 20.6646597112623 21.910279658736 21.2874696849991 50.563100276478 0.187625890363779
35.3644756775894 32.9351277612584 34.1498017194239 23.9949371573293 25.8941372287147 24.944537193022 60.1807185696425 0.206290541771957
