37.9713706568541 35.3193215250782 36.6453460909662 26.507351632531 27.6692622427886 27.0883069376598 65.1996798890842 0.203465392634777
40.5797384950046 37.721835366906 39.1507869309553 27.647487778721 28.883435470011 28.265461624366 68.3480951391712 0.209039074745773
39.0254422578874 35.989887752599 37.5076650052432 26.2694933057554 27.541594410262 26.9055438580087 65.1407323468791 0.210544798697488
37.3941361919689 34.7445399181215 36.0693380550452 25.2905667573505 26.5127706355322 25.9016686964413 62.6972208136101 0.210293080889886
32.3724195988786 30.0432328205145 31.2078262096965 22.2784209881928 23.208498075507 22.7434595318499 54.8950199536948 0.206830910592557
28.1900333049723 26.0464661390023 27.1182497219873 19.480269130773 20.2101384069683 19.8452037688707 47.8607408781167 0.205851585993573
25.5887133420225 23.3156589567237 24.4521861493731 18.2681120656127 19.0187690537425 18.6434405596776 44.5962603860721 0.196030857161788
24.7628908717207 22.7429282287502 23.7529095502355 17.5441282227783 18.523323745227 18.0337259840027 43.1747696391266 0.197056273268927
24.5752374569158 23.0631276273409 23.8191825421284 17.9309352366035 19.0759671725706 18.5034512045871 44.0928156496543 0.19147544861046
25.3642518077918 23.1796651413153 24.2719584745535 18.2148585472242 19.1801736170922 18.6975160821582 44.6320253036547 0.193528196674319
26.3743971012103 24.6206865033234 25.4975418022669 19.248133195041 20.1752554643533 19.7116943296971 47.0186553355832 0.19265889956365
27.9682920460698 26.2476985715064 27.1079953087881 20.1468630207991 21.4356349500821 20.7912489854406 49.6740934301481 0.194591375076438
29.0539921635166 26.9779671372135 28.0159796503651 20.7497168452031 21.8978826010913 21.3237997231472 51.0256765206406 0.196448972113815
29.628186068341 27.4502295424423 28.5392078053917 21.2447048445015 22.4328764386882 21.8387906415948 52.2012213811136 0.195149086728494
38.6358749321481 35.6922702266989 37.1640725794235 25.2928205656637 27.1844631107359 26.2386418381998 63.720019855612 0.214240055726599
