35.3398557977229 33.072776914252 34.2063163559875 26.7054022833483 28.134099088019 27.4197506856836 64.9141987208658 0.183712417100109
37.4350410764866 35.1420460365111 36.2885435564989 27.9045044188842 29.3792644143964 28.6418844166403 68.0279214258319 0.187560155544606
33.9671864717228 31.9283463231814 32.9477663974521 26.1924405157732 27.5393631879742 26.8659018518737 63.3727925901678 0.179427977880222
30.8378417618887 29.0719779837746 29.9549098728316 24.0143651380141 25.1547515369961 24.5845583375051 57.9108370330631 0.177788842859075
28.9424715214185 26.6826631604217 27.8125673409201 22.3876455622466 23.5765659657751 22.9821057640108 54.0568752887223 0.176064453009644
23.0994479450145 21.5681944771232 22.3338212110689 19.5503859660788 20.3424427583765 19.9464143622276 46.1117276458607 0.155890146681757
20.214365719361 18.5860740706609 19.4002198950109 16.6334123532812 17.2862872468563 16.9598498000688 39.3986597463952 0.161527378215206
16.211794948883 15.0024012729058 15.6070981108944 14.7182279409997 15.1828693009173 14.9505486209585 33.9962677465682 0.136957198310114
18.9912760810987 17.6312167293952 18.3112464052469 16.4099163407468 17.1153501000166 16.7626332203817 38.5305737490962 0.149299553433133
20.4637202720654 18.8398265402991 19.6517734061823 17.2652377641196 17.9852416804002 17.6252397222599 40.7062178400496 0.154770615364721
20.388007521294 19.1238546921376 19.7559311067158 18.2408858778931 18.8587449767137 18.5498154273034 42.3839788153982 0.142436672254252
21.505694381612 20.1683086638022 20.8370015227071 18.7324075224624 19.4582084687913 19.0953079956269 43.8814173013342 0.149010461401924
23.2817395157473 21.9207623543245 22.6012509350359 19.3469118561532 20.2109832397266 19.7789475479399 45.9367043336102 0.161252493902154
24.595293855592 23.1897857490577 23.8925398023249 20.4318532096532 21.2964694741162 20.8641613418847 48.4805912683204 0.161815001185691
33.2453801125596 31.1600360499053 32.2027080812325 24.6920579683601 26.0850199656549 25.3885389670075 60.3149068754708 0.187837294494383
