33.9454305699011 32.037944759886 32.9916876648935 27.1985047670809 28.4671148210312 27.8328097940561 65.1715238676493 0.170767959646805
34.837218605062 33.2043445126308 34.0207815588464 27.8703091655014 29.1634530731763 28.5168811193388 66.8674453879415 0.172418630005704
32.4825370448145 30.5311859495725 31.5068614971935 26.2318833706457 27.328371286377 26.7801273285113 62.6032588729763 0.168837961541844
28.4082307095741 26.7922694925315 27.6002501010528 23.5693790636922 24.6521972269865 24.1107881453393 56.0199033090233 0.161718625109569
23.5197157166375 22.3107422601531 22.9152289883953 20.7189126955179 21.492916180425 21.1059144379714 48.4445651855392 0.147653785101657
20.094796768103 19.1400541454185 19.6174254567607 19.1608035900232 19.6353849515509 19.398094270787 43.7680484729348 0.128153308823957
17.8766807338574 16.9168709893651 17.3967758616112 16.8400191742289 17.2340138445001 17.0370165093645 38.5324968475775 0.130846378718889
17.7614837273236 16.7504706649068 17.2559771961152 15.7528458933105 16.375779787588 16.0643128404493 36.7796873805847 0.144763792447284
18.1881080351042 16.8025780133675 17.4953430242359 17.0432557515695 17.6250335409895 17.3341446462795 39.0918715062319 0.127597360698798
19.5610045825692 18.4601233108718 19.0105639467205 17.874978762478 18.4514495916522 18.1632141770651 41.3277529811361 0.137677301447041
17.1532875704718 16.3622189403359 16.7577532554038 17.5090777784695 17.8984953840384 17.703786581254 39.2791586043133 0.109343428425216
19.9469293712804 18.6252154541698 19.2860724127251 18.6425729864555 19.2105636247013 18.9265683055784 42.784159368655 0.130267216906005
22.2004532401409 20.8982900883624 21.5493716642517 19.5408001001285 20.2973987289773 19.9190994145529 45.6819668897426 0.146687556977786
24.2310171265163 22.863852473046 23.5474347997812 20.6693064880494 21.5661162489994 21.1177113685244 48.7730014722329 0.154788997280459
30.6549762008438 28.6512279122033 29.6531020565236 24.2020759863256 25.5030954416998 24.8525857140127 58.2769184761419 0.172451815411776
