34.6016102197133 32.6811692154067 33.64138971756 24.2989601651854 25.9035291499161 25.1012446575508 60.3050333699235 0.201235918629695
38.4661576764782 36.4584583946501 37.4623080355641 26.2296104775464 28.2664688323906 27.2480396549685 65.7927631216939 0.207293514594123
36.023553433128 34.0904786524959 35.057016042812 24.7704307632768 26.5362712893046 25.6533510262907 61.8689594496227 0.205865061960456
32.3558622631759 30.74419020508 31.5500262341279 22.9514984463609 24.4876261412944 23.7195622938277 56.8995162696001 0.199421717077943
27.7072785482331 26.1765439914285 26.9419112698308 20.2885216859617 21.600011924512 20.9442668052369 49.9018096711122 0.191299989996183
25.7692455539119 23.9386131010739 24.8539293274929 18.1938864628151 19.4500153640354 18.8219509134253 45.0848829790749 0.197667637814229
21.6659780220103 20.5673152356485 21.1166466288294 16.310296965371 17.1659005789932 16.7380987721821 39.7196973027773 0.186505643304887
20.8460731148332 19.6920113355152 20.2690422251742 15.5784638412249 16.5219255904889 16.0501947158569 38.0952473590908 0.186753433011449
21.4347063172957 19.9250683836186 20.6798873504572 16.6001111080087 17.4532011158357 17.0266561119222 40.0800751414894 0.176980226711251
21.7431573791292 20.2138486536713 20.9785030164002 17.2134111877829 18.0100153936258 17.6117132907044 41.2826951313723 0.172023824427168
22.0020374876347 20.7050988787649 21.3535681831998 17.7809925001868 18.5665872439518 18.1737898720693 42.4721690719495 0.168500609144369
25.134978292451 23.3032110947072 24.2190946935791 18.7449700944069 19.9056643273175 19.3253172108622 45.7953474730077 0.184853707013604
25.5235770046051 23.961191472236 24.7423842384205 19.4173763028785 20.554568642331 19.9859724726048 47.2386993190873 0.181796367022881
28.2492960770134 26.3970576117899 27.3231768444017 20.8250106290373 22.1091731743249 21.4670919016811 51.0355250492157 0.188692098654013
35.3851104585158 33.5056393522428 34.4453749053793 24.5211926306521 26.2208634912294 25.3710280609408 61.1095109319111 0.204316805474477
