30.2881202934518 28.4098821031683 29.34900119831 25.873164971019 26.910867377225 26.392016174122 60.9164063354408 0.154068827738344
34.528579614942 32.4051616783789 33.4668706466605 27.7164986582612 29.0351005351885 28.3757995967249 66.3696311257764 0.169475963127339
32.5156302605965 30.3513352391779 31.4334827498872 25.8318363642039 27.2115534535611 26.5216949088825 62.099735682553 0.170734673932073
27.5508613100197 25.9156791731983 26.733270241609 23.8914729450188 24.7541379353553 24.3228054401871 55.9883917233809 0.150944364971868
23.1069026650556 21.5275369651786 22.3172198151171 20.9134166672264 21.6829339242444 21.2981752957354 48.4742498405016 0.137990676839995
19.6793583933809 18.6130612134651 19.146209803423 18.5786002975232 19.0444376993907 18.8115189984569 42.5117022437015 0.12993805144573
17.2174423968387 16.3881981438552 16.8028202703469 16.3896995139374 16.8012183601123 16.5954589370249 37.4553404314412 0.128481609745585
18.1331802885167 17.0025704224166 17.5678753554667 16.6612995350538 17.2590650163875 16.9601822757206 38.4932919668035 0.134813628209312
18.3189368454144 17.2126638548895 17.7658003501519 17.0686023620552 17.6179210251311 17.3432616935931 39.2557517766625 0.131729211903787
19.0503307135128 17.895852756249 18.4730917348809 17.8852950929512 18.3629153190727 18.124105206012 40.9727470497546 0.130338479721564
18.8537660157109 17.6658825428834 18.2598242792971 18.46997121118 18.9987427843096 18.7343569977448 41.8802095845578 0.117738110509992
20.8368551079101 19.5433972792146 20.1901261935623 19.4369196175751 20.0805366228261 19.7587281202006 44.6958901324441 0.131041680935642
22.9916477694093 21.3837135932592 22.1876806813342 20.2547869132872 21.10653841449 20.6806626638886 47.3352601085637 0.144432866535217
25.083803055969 23.475259526301 24.279531291135 21.476779031868 22.4095687542559 21.9431738930619 50.5891576772968 0.152731093592898
31.8889542880068 29.9176903963084 30.9033223421576 24.9347008159118 26.2940241819007 25.6143624989062 60.2084130677885 0.175286190908706
