35.5024363888153 33.3454308474903 34.4239336181528 25.6767978254843 27.4427942651001 26.5597960452922 63.3792859385923 0.19314331010886
38.9322495615889 36.6781347450346 37.8051921533118 28.3880843685186 30.1207350258146 29.2544096971666 69.7674226199 0.192425746103113
35.7989002105689 33.8635686282096 34.8312344193892 26.064431916507 27.6357216591955 26.8500767878513 64.0836731365367 0.193361077565563
32.5685047929151 30.8700805041041 31.7192926485096 24.4500023953222 25.7931304684732 25.1215664318977 59.6240271486236 0.186709979058412
29.6909394580673 28.0610540175012 28.8759967377842 22.2901115897226 23.4766575003254 22.883384545024 54.3050879451157 0.186561538531773
26.4105090045595 24.9646325258672 25.6875707652134 19.9102674543244 21.0531311248229 20.4816992895737 48.5432822043131 0.185040399187588
22.950445220706 21.1097575333732 22.0301013770396 17.655674109974 18.5298025099283 18.0927383099512 42.612664360752 0.177617882676018
22.0923861877985 20.8430835683312 21.4677348780648 17.6645875330903 18.5180361462044 18.0913118396474 42.3714875235116 0.171045192827138
22.99840776175 21.9136671728206 22.4560374672853 18.4750121233431 19.3883260276874 18.9316690755152 44.3358298851013 0.170943504987681
24.6883561916266 23.190690264314 23.9395232279703 19.2192200793547 20.3806642988486 19.7999421891016 46.562757856721 0.175830651726609
25.2740233935207 23.5341298836369 24.4040766385788 19.8370260903674 20.8970508521141 20.3670384712407 47.8027771202355 0.17353284297409
25.9032371234182 24.2141870247795 25.0587120740988 20.4866403934833 21.6777855203537 21.0822129569185 49.3945510170558 0.171474529689876
27.3330039606691 25.6691911150116 26.5010975378404 21.3305348071126 22.5510545393222 21.9407946732174 51.586015481043 0.175573087697064
29.2313852591795 27.6235415275851 28.4274633933823 22.2974178756031 23.66486037068 22.9811391231415 54.308772846124 0.181594449150613
37.7956028973341 35.6896159935526 36.7426094454433 26.148136826915 28.097356446703 27.122746636809 65.300377392886 0.203793595598927
