34.7465168874073 32.4297117090863 33.5881142982468 27.5361840546201 28.8937036075115 28.2149438310658 66.1282989025985 0.171866570044143
39.4220668749292 37.5277686108077 38.4749177428684 30.2492510844813 31.8221201449945 31.0356856147379 73.3772146591758 0.182142640089305
34.2694200100635 32.2944908110795 33.2819554105715 27.5981899521636 28.9349104391708 28.2665501956672 66.0895704344567 0.169042029836863
33.7473179617493 31.3009128834843 32.5241154226168 26.8889893229797 28.1991309422462 27.5440601326129 64.4409150694368 0.169778797301148
28.7182241534832 26.8558090440592 27.7870165987712 23.8272317274188 24.8488573555113 24.338044541465 56.5142619473529 0.161027169850661
23.8224690056398 22.6169640245434 23.2197165150916 21.3507435971611 21.8906817681154 21.6207126826382 49.4987751276895 0.144707296523066
22.2906691771848 20.8404503822283 21.5655597797066 19.2086174601036 19.9110705366733 19.5598439983885 45.0572930721771 0.151780481375243
21.5648668809703 19.7340305815779 20.6494487312741 19.0953650067441 19.9729275147253 19.5341462607347 44.5534256025231 0.140398587372086
22.7498681467609 21.3683225575938 22.0590953521774 19.7962457110005 20.4693475504493 20.1327966307249 46.3097867688468 0.150108144890632
24.5030125193317 22.7092894793836 23.6061509993577 20.9113679617747 21.7688824126205 21.3401251871976 49.1958974075434 0.152661874660818
25.3702414703817 23.9563692166222 24.6633053435019 21.1492998371013 21.9707378801287 21.560018858615 50.0855595605437 0.161537934845786
25.6892210591635 24.2234373404232 24.9563291997934 22.2839594462474 23.0459735559546 22.664966501101 52.1942264587095 0.151429596337018
27.6123854919683 25.7414273711457 26.676906431557 23.0652964420329 24.0605131646779 23.5629048033554 54.6102012504161 0.158817253351537
30.3516363360578 28.7699699765382 29.560803156298 24.4507406679919 25.4065586833747 24.9286496756833 58.3763429728859 0.17086853344145
37.5139614484971 35.0158241836434 36.2648928160703 28.4716604456885 30.2149943515577 29.3433273986231 69.3306201149336 0.181369433212044
