37.8579527877769 35.1084083731965 36.4831805804867 27.6291271025711 29.1140169781966 28.3715720403838 67.5931750897062 0.191213074014629
42.6178340828972 39.7268630407857 41.1723485618414 30.0641523510596 31.9717071430447 31.0179297470522 74.3762316895426 0.198923208222996
40.891965493645 38.2357511191083 39.5638583063767 28.7896487541165 30.5173002966243 29.6534745253704 71.1776551982065 0.200157086774259
36.8125909224489 34.5969671169797 35.7047790197143 26.6295646877619 28.089932057821 27.3597483727915 65.3796149565165 0.194813893492067
31.9977359022876 30.306226244702 31.1519810734948 23.9189651026876 24.7980546921212 24.3585098974044 57.9669333684268 0.189870267364007
29.1563568808392 27.5379579205651 28.3471574007022 22.0652262486114 22.9612891966974 22.5132577226544 53.402409605025 0.186021371560274
26.1397635239289 23.9557795287782 25.0477715263536 19.7224716903328 20.6942536021086 20.2083626462207 47.7765067896493 0.182097422390238
26.8139957690267 24.6774871340072 25.7457414515169 19.6620595099809 20.756504744495 20.2092821272379 48.0543299311894 0.188917291288199
25.7500382215115 24.0741109356434 24.9120745785774 20.03813947508 20.9331634896124 20.4856514823462 48.235352298529 0.177296029371985
25.9905473217672 24.2188884894893 25.1047179056282 19.9603321136242 20.7120491080501 20.3361906108371 48.0375579339098 0.18108545629757
28.1279213676086 26.2593776021939 27.1936494849013 21.6573829242217 22.7847032246991 22.2210430744604 52.3924563381227 0.178892821605203
28.8285673184738 26.7547115509491 27.7916394347114 21.9211266792412 23.0963550550737 22.5087408671574 53.1715029197914 0.181130104824614
30.0667753127018 28.0921932633286 29.0794842880152 22.8825029846734 24.0564226988715 23.4694628417725 55.4822014707709 0.182008336637769
32.2559168158666 29.8583412231434 31.057129019505 23.5199695793836 24.8237732248019 24.1718714020927 57.577916683362 0.191010735692917
39.3302225622447 36.5220422796467 37.9261324209457 27.8302093918426 29.7312239226745 28.7807166572586 68.9108620969855 0.197170711862833
