33.5067508803575 31.6699614879557 32.5883561841566 26.2689643817701 27.5769189951689 26.9229416884695 63.3290218054138 0.176116312589575
37.1593110770803 34.8430729074637 36.001191992272 28.2871979002878 29.8979217730315 29.0925598366596 68.7568722058004 0.181691686668969
32.6316405083705 30.74537489475 31.6885077015603 25.5883868316046 26.9644723326768 26.2764295821407 61.7589168849962 0.175177104863818
29.1401808849325 27.4893625080136 28.3147716964731 23.3801410562371 24.5063759427282 23.9432584994827 56.0351459917581 0.170165414055249
25.0041536727608 23.4388616343153 24.221507653538 20.5998179750459 21.5175428521417 21.0586804135938 48.9810072002382 0.162964778377565
20.6742308259152 19.6675501995741 20.1708905127446 17.7305769483519 18.4591383327154 18.0948576405337 41.7886755265859 0.154711364873533
17.8718046314889 16.729782961805 17.3007937966469 15.5227363519251 16.2139043268507 15.8683203393879 36.4583924877484 0.14877919363817
16.1494498121106 14.9854270921808 15.5674384521457 14.7612717311326 15.2278297007889 14.9945507159608 34.051011700164 0.135446214601107
16.5314926497366 15.3895367308789 15.9605146903078 15.0989410435347 15.6368055580695 15.3678733008021 34.9017050261873 0.135541149482461
18.6339045412661 17.3365142412382 17.9852093912521 16.1870632954749 16.7942215152737 16.4906424053743 37.8911316094997 0.148867663189123
18.1636429838504 17.3103918637332 17.7370174237918 16.7522181867238 17.2950273702589 17.0236227784914 38.6922078391335 0.136426962186315
19.7026211852574 18.5972485227645 19.149934854011 17.4168473231627 18.0628990970676 17.7398732101151 40.6632510900535 0.146097568128833
22.0680180757876 20.4236487904484 21.245833433118 18.2221621666401 19.1544856150041 18.6883238908221 43.3534172556444 0.159906514594801
23.7195680606579 21.8901160924645 22.8048420765612 19.3849512796117 20.328197329743 19.8565743046773 46.169520331409 0.162575165861654
28.7730921156543 26.6282369269865 27.7006645213204 22.2550189087418 23.5674143910693 22.9112166499055 53.8791658532549 0.175825070238624
