32.9783137352258 30.7574355942079 31.8678746647169 26.7450009052528 27.9883787043606 27.3666898048067 63.8289349982649 0.166179312396305
36.605903958021 34.1203122304638 35.3631080942424 28.3698654276671 29.9925516125256 29.1812085200963 68.6582945192427 0.176412801271743
33.1653768965961 31.2680638058039 32.2167203512 26.6238686325677 27.875084870952 27.2494767517599 63.7693466260478 0.170102222640463
28.7566065174896 26.8905893554086 27.8235979364491 23.6114370189139 24.8082344570002 24.2098357379571 56.3002152440083 0.162755002830082
25.5125247427988 23.6237731922032 24.568148967501 21.8822341637177 22.9176526539417 22.3999434088297 51.5369412650176 0.150381059549967
23.483159606116 21.9117153347951 22.6974374704556 19.3878052512982 20.2913630177225 19.8395841345103 46.0898677521591 0.161563353336307
18.6976530860805 17.3940248672239 18.0458389766522 17.3058600575452 17.9158605931372 17.6108603253412 39.8646611457904 0.131820377009833
18.3109893415409 17.1419604560934 17.7264748988172 16.5497556125889 17.1455527889325 16.8476542007607 38.3829472251574 0.139118442478013
18.9861443383704 17.6398995576232 18.3130219479968 17.1550305306068 17.6655269478673 17.4102787392371 39.6619121649479 0.139037253767881
19.0795410139653 17.8772155839959 18.4783782989806 18.1113638048915 18.6786531604497 18.3950084826706 41.4355057428545 0.126270362470604
21.8738223355242 20.619755712516 21.2467890240201 19.0021692032015 19.8161691696857 19.4091691864436 44.6357595306893 0.149862704114746
23.2447694675717 21.455696781875 22.3502331247234 19.8021666612161 20.6968911460308 20.2495289036234 46.6577843530378 0.15207085989761
23.397341563922 21.6730367020988 22.5351891330104 20.5172450692949 21.3803418157893 20.9487934425421 47.9791752844975 0.145153667586961
26.3012989936697 24.3977576078897 25.3495283007797 21.6056703867963 22.6618324337113 22.1337514102538 51.4320763758622 0.16184724908484
34.2850884383411 31.9173570605044 33.1012227494227 25.9731559004662 27.5238141870207 26.7484850437435 63.2172306991284 0.181697404465061
