34.5260325376792 32.6797399800169 33.602886258848 28.3304328402848 29.5574297068963 28.9439312735906 67.4622115123191 0.165394757101877
35.7705120553177 33.9057068486717 34.8381094519947 29.5880939696127 30.8523925811956 30.2202432754042 70.32601337074 0.163558028468575
31.9248661740065 30.2381862532799 31.0815262136432 27.1855068732172 28.1782954058796 27.6819011395484 64.0352852184925 0.156627301276772
29.046997137269 27.577069045143 28.312033091206 25.2784208368664 26.2068264629362 25.7426236499013 59.2655384920449 0.151116904361692
25.8635627147031 24.4812256348194 25.1723941747613 23.1245150512774 23.9212821410738 23.5228985961756 53.8080039926579 0.143736682209013
22.1202257043223 21.0445022296116 21.582363966967 20.0475804628255 20.5959383665493 20.3217594146874 46.4015254959599 0.141670968273139
19.2324450269911 18.3399837957529 18.786214411372 18.5881483504972 18.9269691994902 18.7575587749937 42.2206075920063 0.125429169607399
18.1427236836433 17.3679991603739 17.7553614220086 17.8074037235035 18.2312802447442 18.0193419841239 40.3933807666331 0.120833957261649
19.6547432083763 18.4600955327036 19.05741937054 18.7016739067465 19.2326646886752 18.9671692977108 42.7267160641646 0.126333492191726
19.6945955189309 18.5212450234062 19.1079202711685 19.3763400097602 19.8484206892703 19.6123803495152 43.8385152859529 0.117623524138837
21.0751858588988 19.8501971202824 20.4626914895906 20.2742971703181 20.8666350448726 20.5704661075954 46.2226863627634 0.123520636843912
22.5081535984854 21.1732160551551 21.8406848268203 21.0338092228068 21.6703210070922 21.3520651149495 48.3123574747334 0.131327513630235
22.8002103154639 21.6904985849726 22.2453544502183 21.8051555759104 22.4234626483826 22.1143091121465 49.830582347262 0.126659261534244
25.0749096724103 23.4270247007864 24.2509671865984 22.7911445860053 23.6382842834632 23.2147144347342 52.7971175434404 0.137147684755592
33.5104763013708 31.3452671976431 32.4278717495069 26.9169946366722 28.2320252635868 27.5745099501295 64.4543079367951 0.16872988954954
