34.5400557950147 32.9473848670186 33.7437203310166 27.9339133713663 29.2176992667534 28.5758063190599 66.8553185524063 0.169788838256056
37.2461890500528 34.9819339554686 36.1140615027607 28.9873621075992 30.4244732174293 29.7059176625142 69.9409255564716 0.177222100173155
33.4667688328137 31.2195477205343 32.343158276674 27.2972906420865 28.6010566753894 27.949173658738 65.0965666895733 0.164552617626703
29.4242871638612 27.4719733927214 28.4481302782913 25.1601402402311 26.2089657400262 25.6845529901287 59.2286782155704 0.153001927624235
25.4527369276714 23.8780007494495 24.6653688385605 22.3608785077621 23.169645970768 22.765262239265 52.2276852174425 0.147091666867808
21.0625796067574 20.113986514956 20.5882830608567 19.2481142583781 19.9138020111099 19.580958134744 44.6027262840354 0.138931148749391
18.9550327465294 17.5875052535721 18.2712690000508 17.5211069302125 18.0973944573001 17.8092506937563 40.3257392903783 0.132157101492091
16.7957548389152 16.0015140462424 16.3986344425788 16.7654949539122 17.2042608505972 16.9848779022547 37.8774500292873 0.115034510323421
19.5786535477893 18.347130103765 18.9628918257771 17.7147604055866 18.3446872849668 18.0297238452767 41.0721712444674 0.139012765723175
18.8724242147822 17.7076289462596 18.2900265805209 18.8154358349817 19.2332987235006 19.0243672792411 42.3794449405996 0.113820089744665
21.0105945365171 19.6280270757239 20.3193108061205 19.733166014507 20.4282981987556 20.0807321066313 45.3146624950763 0.128312012093222
21.2572550755766 19.8699169853725 20.5635860304746 20.4084146355702 20.9810322354187 20.6947234354944 46.4890106933782 0.123209276951315
23.2352157353954 21.6912607958009 22.4632382655982 21.068419921116 21.9262737731033 21.4973468471097 48.8946325636756 0.13722481456472
24.9530801226643 23.1915420159439 24.0723110693041 21.9412636541331 22.7864144229062 22.3638390385197 51.2275750691454 0.145321583224385
33.6362174985656 31.4318796918308 32.5340485951982 26.8640380736859 28.2560007489573 27.5600194113216 64.4743647940002 0.169708261662439
