32.4568747400642 30.1147523673768 31.2858135537205 27.4204970101407 28.7007193706537 28.0606081903972 64.8065703057543 0.154760614346416
33.693638568663 31.5860219571601 32.6398302629115 28.6002016970668 29.9443738769211 29.2722877869939 67.6064336803929 0.154785614509288
30.2853177367311 28.4333629875565 29.3593403621438 26.184350363493 27.2598093833016 26.7220798733973 61.5059018646503 0.150844211155163
28.1579558969671 26.3549450373377 27.2564504671524 24.475640812091 25.5113485791934 24.9934946956422 57.4273333438405 0.148845610491065
25.630323970345 24.0779271997938 24.8541255850694 22.3097024214344 23.0699895869505 22.6898460041925 52.1882831552677 0.150036081021101
21.0980485113522 19.9475210382888 20.5227847748205 19.5294670070539 20.1787756111429 19.8541213090984 45.0386296675895 0.134238805294042
17.355802668947 16.5602429364662 16.9580228027066 17.0851071071659 17.502464328859 17.2937857180125 38.7193604198958 0.119458777020908
16.4342449831466 15.5056956992129 15.9699703411797 15.9971735608583 16.4586428791843 16.2279082200213 36.3659529473684 0.120475678513564
17.7225427682675 16.8341004172401 17.2783215927538 16.9055361664536 17.3967020912918 17.1511191288727 38.6611736281327 0.12707437157991
17.2932644090727 16.4757223794692 16.884493394271 17.4949742667757 17.8862041379495 17.6905892023626 39.3343526795551 0.111730995209077
19.4664068463853 18.2221515587427 18.844279202564 18.5695183466521 19.1135259008714 18.8415221237617 42.3949754651062 0.125041150779438
20.154512171144 18.9768537015246 19.5656829363343 19.2039856294683 19.6982397123949 19.4511126709316 43.8291658388498 0.126649322852095
23.4477269749883 21.9314054228288 22.6895661989086 20.3532490474426 21.206087728499 20.7796683879708 47.7592903204734 0.149183168585137
23.7848847282961 22.2966928506768 23.0407887894864 20.9793773930582 21.8447684144261 21.4120729037421 49.0438719185309 0.145238766442826
31.9052246972911 29.7743916898135 30.8398081935523 25.1723501861191 26.494024816182 25.8331875011506 60.583495386784 0.172590401089404
