35.0030655541303 32.8020588978561 33.9025622259932 27.3684641398921 28.8373045398774 28.1028843398848 66.0565468461382 0.175262760349263
36.9983663009483 34.9380810058322 35.9682236533903 28.6883445798418 30.1840685911249 29.4362065854833 69.3814742417021 0.178505695701941
31.481560529379 29.5737873483501 30.5276739388645 25.6416229037282 26.6871419097811 26.1643824067547 61.0513638219219 0.16668841772777
31.1783006446198 29.0968877923008 30.1375942184603 24.5303154068866 25.7668580053964 25.1485867061415 59.0271744748669 0.173568422842066
26.9625926872254 25.2704739005778 26.1165332939016 22.2544536095057 23.2482347276717 22.7513441685887 52.8944233644287 0.162446116864089
24.6672949753431 22.946222504554 23.8067587399485 20.6392762583965 21.4146279968248 21.0269521276106 48.7332315698378 0.158827757681674
20.7402545866718 19.301434796475 20.0208446915734 17.9508116726172 18.6748936830387 18.3128526778279 42.1018530258778 0.149516510796053
22.4127412278605 20.5994001289197 21.5060706783901 18.4152417136281 19.2198475982942 18.8175446559612 43.705405133393 0.161294045861281
23.0312090787262 21.6897491977241 22.3604791382252 18.9807283928457 19.768180679777 19.3744545363113 45.0981268052099 0.163855393210882
24.7451996224555 23.3809887074901 24.0630941649728 19.9761294659184 20.8327282768764 20.4044288713974 47.7240103526283 0.169452246211287
25.2516342329738 23.6332253829849 24.4424298079794 20.6005291460619 21.5785206516721 21.089524898867 49.1365136760089 0.164950702105402
26.2854178781802 24.4051113548074 25.3452646164938 21.456503186405 22.458213403419 21.957358294912 51.112097088102 0.163894499547922
27.691564137109 26.0562865422125 26.8739253396608 22.2779136922109 23.2463532124663 22.7621334523386 53.2517187914343 0.169743576605803
30.2535169220718 28.2872099127201 29.2703634173959 23.4118117296132 24.6192212894239 24.0155165095185 56.5740680703292 0.177864903465769
36.6518370367039 34.3231241396865 35.4874805881952 26.8426288768109 28.326011989747 27.5843204332789 65.7239472164679 0.191328011423035
