36.3979248133131 34.0516002595252 35.2247625364191 27.5922106331333 28.832546274338 28.2123784537356 66.8025371576265 0.183922462744029
38.4359445721596 35.7119589035744 37.073951737867 28.256542435864 29.5137227348287 28.8851325853463 68.7901028643168 0.190752762880075
35.3774206149129 32.974216945686 34.1758187802995 26.6317340375247 27.8659122890463 27.2488231632855 64.5823536756087 0.185048493445133
32.5067367374542 30.644386086799 31.5755614121266 24.851513271974 25.9964381686927 25.4239757203333 60.1327263860486 0.182598800587202
29.2945816390105 27.2886309416959 28.2916062903532 22.6183831037141 23.5415242234328 23.0799536635734 54.4368768722977 0.179310792079584
24.9907929608933 23.8745518406412 24.4326724007673 20.6496391152484 21.4210794782541 21.0353592967513 49.0340805601934 0.165515641269942
22.9313479725735 21.14655766267 22.0389528176217 19.3002254847427 19.9784315520582 19.6393285184005 45.4249687265884 0.156479680148657
20.1581662445336 18.7404513960441 19.4493088202888 17.8600908207456 18.5200290292806 18.1900599250131 41.6010008470471 0.143509175300783
22.2812510911014 20.7852214810453 21.5332362860734 19.0167463529061 19.5545861043535 19.2856662286298 44.5553860449363 0.155142516642575
22.1325385589994 20.4911138567409 21.3118262078701 19.0147888204527 19.7956768560207 19.4052328382367 44.6606284330765 0.150736731823072
24.742000829148 22.8962942377566 23.8191475334523 20.2444013364473 21.1688751291069 20.7066382327771 48.1633430157232 0.162992815982175
25.1177681313141 23.034736020761 24.0762520760375 20.457444197536 21.3698586446249 20.9136514210805 48.6534673665169 0.163198773540695
26.3346135287204 24.4430408329439 25.3888271808322 21.3702124977404 22.2384157579643 21.8043141278524 50.8546820979376 0.166161012901958
28.4423858152675 26.3763086969403 27.4093472561039 22.5493243847047 23.5732591436167 23.0612917641607 54.0306828467993 0.171458290354051
36.1415348829494 33.8224623775207 34.9819986302351 26.2888987870887 27.8993829860315 27.0941408865601 64.6035743572338 0.19220562533651
