25.3144095897659 23.4467777013926 24.3805936455793 19.5547238723123 20.7145872618966 20.1346555671045 47.3651638696069 0.176209935942261
28.0100433933272 26.1286339250012 27.0693386591642 20.6632374834604 21.9935883263919 21.3284129049262 50.6757875665042 0.187987774627142
26.0083229311711 24.4858783979587 25.2471006645649 20.4435131112394 21.654435278498 21.0489741948687 49.4143660065126 0.173795111083341
20.6770838456015 19.5795839021251 20.1283338738633 18.2832320393861 18.9992821453828 18.6412570923844 42.7320877162969 0.146169689751084
17.9140548135156 16.826714270429 17.3703845419723 15.0761549952321 15.629969001241 15.3530619982365 35.5773397059355 0.158639876202611
16.2767346306808 15.1373786396135 15.7070566351472 15.0069543198395 15.557960838105 15.2824575789722 34.6194913267493 0.132654586078609
11.6873048557412 11.3059802111072 11.4966425334242 12.6462413780897 12.7911817575308 12.7187115678102 27.8763028678298 0.0958776256229442
11.4492249261311 11.2560548408421 11.3526398834866 11.8077921928026 12.004332279829 11.9060622363158 26.4660954742794 0.111454608121931
10.7318235309893 10.0321302478318 10.3819768894106 12.1095704001181 12.3039658836342 12.2067681418762 26.3091686099191 0.0776467736641772
12.3243239054363 11.805455440432 12.0648896729342 12.5250023735925 12.83623987485 12.6806211242213 28.1719586646507 0.110827237430797
13.9746002502378 13.2159171936739 13.5952587219559 13.8711365193072 14.2914016381351 14.0812690787211 31.4022098082299 0.115034789573168
16.6723815546815 15.7632819737255 16.2178317642035 14.7527002157357 15.3955049548492 15.0741025852925 34.5254396962682 0.145190551175961
17.9569202633769 16.9153050268411 17.436112645109 15.7947606353191 16.4302445486314 16.1125025919753 36.9544523599602 0.146763271224083
18.4297087031711 17.4046117859176 17.9171602445443 16.1726322737622 16.8485577217125 16.5105949977373 37.8925154011125 0.147521194914704
27.7971627376418 26.1597176512019 26.9784401944219 21.0574163110269 22.3127802921473 21.6850983015871 51.308221170523 0.183029480820197
