39.7369124557571 36.624837708734 38.1808750822455 28.2894463847579 29.4883575995069 28.8889019921324 69.2109483537132 0.197881255102082
43.307252167201 40.3657738787315 41.8365130229663 30.037902793154 31.7433242532772 30.8906135232156 74.3682138526845 0.203734814085088
39.6991572502969 36.4765063847779 38.0878318175374 28.1265696039628 29.6204889146889 28.8735292593258 69.1475259988832 0.197420747873233
37.8833565858288 34.4534930200146 36.1684248029217 26.5925879879869 27.9202642649824 27.2564261264846 65.3527316893447 0.198849977360799
34.6755628297122 32.0430832228548 33.3593230262835 25.084818634481 26.0795115384653 25.5821650864732 61.1222758156328 0.194626717657134
30.4644246923405 28.0394252352314 29.2519249637859 22.6109229973394 23.5213851711974 23.0661540842684 54.7956955127615 0.187794361222387
29.2252911787311 26.8294031403992 28.0273471595652 21.2786019911191 22.2228004093509 21.750701200235 51.8415184436006 0.191720624690493
27.7294692097359 25.4955289656709 26.6124990877034 20.0386011636682 21.0476801822035 20.5431406729358 49.016811537783 0.19302136703857
27.4172843967499 24.8364923344463 26.1268883655981 20.7083325862127 21.3753152982596 21.0418239422361 49.7655662632222 0.18253927035599
29.1845770877004 26.737976273576 27.9612766806382 21.8405823390745 22.3515931167325 22.0960877279035 52.4676138620259 0.187260263177008
29.0758440248495 26.7287489134732 27.9022964691613 22.0492296244167 22.8653829501505 22.4573062872836 53.1204868499454 0.182699433547485
30.2994769788761 28.1361808886773 29.2178289337767 22.9831307864938 23.7742492626461 23.3786900245699 55.3683739997524 0.184163311579111
31.5878429361223 29.1572712145402 30.3725570753313 23.7304526369175 24.7020543318763 24.2162534843969 57.3949589123229 0.185050341278096
34.1877602827232 31.5118375050717 32.8497988938975 24.8942480892286 26.0290932964255 25.461670692827 60.7018148882154 0.192023406879506
42.7503473411689 39.3938337394082 41.0720905402885 29.5297063182982 31.1890447525317 30.3593755354149 73.07348133923 0.203474710044482
