34.463514796688 32.0331145610299 33.2483146788589 25.8849423899682 27.3765891340315 26.6307657619999 63.0568384893482 0.183909600138604
37.9226620349623 35.4595913845719 36.6911267097671 27.044272503662 28.5538865384087 27.7990795210354 66.5819407688241 0.197556572303805
35.3589728887734 32.8564684206318 34.1077206547026 25.7681541076282 27.4744378950529 26.6212960013405 63.3755469312888 0.1903167097518
31.6439249597247 29.4060595889696 30.5249922743471 23.2990070440536 24.5863552258105 23.9426811349321 56.9406576129828 0.189103619851226
26.0946905023554 24.0596724010007 25.0771814516781 20.3994494662679 21.4391933716511 20.9193214189595 49.1038591656656 0.173648470288383
22.506416536462 21.2499436214183 21.8781800789402 18.0874307937513 18.8891510868324 18.4882909402918 43.2749513533057 0.170334010132757
20.8703180628777 19.4178599762949 20.1440890195863 16.6289265560829 17.5052487666378 17.0670876613603 39.9256020849997 0.169666520650469
19.4839847161712 18.1639598568282 18.8239722864997 15.4766664407091 16.1665996312746 15.8216330359918 37.0770814276653 0.171721065180838
19.2486826577625 18.225685413529 18.7371840356458 15.5855269067915 16.2722755645225 15.928901235657 37.2352080002409 0.168793988027547
20.3862075829561 18.9640068410768 19.6751072120164 17.034276249381 17.7049405377562 17.3696083935686 40.2610508992596 0.158951024888016
22.4343108089371 21.0703438186687 21.7523273138029 17.92551621972 18.7647492815945 18.3451327506572 42.958769680595 0.170849245532334
22.6190141229077 21.0841361669543 21.851575144931 18.3854641332559 19.2435967755108 18.8145304543834 43.8565457922884 0.165496686154896
24.7335709031021 22.9661990317082 23.8498849674051 19.4602599084783 20.4228171445218 19.9415385265001 46.7851652050643 0.173058065276457
27.2148264112162 25.4105000230983 26.3126632171573 20.3608026401971 21.6090325729679 20.9849176065825 49.7335572288968 0.184983380952054
33.6446440682402 31.6116034219141 32.6281237450771 23.9353723383223 25.5811788735513 24.7582756059368 59.2807225620525 0.197190052845149
