38.1249331947782 34.86873695036 36.4968350725691 27.5415047444622 28.8421270787674 28.1918159116148 67.2577889851522 0.192860176088241
40.6618512656303 37.0789843208589 38.8704177932446 28.4247090625052 29.9201630341248 29.172436048315 70.0044225471418 0.199838478199103
38.0925773814921 34.7340445411742 36.4133109613332 26.7679098275131 28.1489180424374 27.4584139349753 65.8286372547722 0.198697007967431
35.0081182763747 32.2901862955595 33.6491522859671 25.1395906323564 26.3175236665548 25.7285571494556 61.5088602182386 0.195342200126836
30.8472946347201 28.0745174418718 29.460906038296 22.7785622734988 23.8929339849526 23.3357481292257 55.3841343757451 0.186680068473614
27.5112194762114 24.5338253404943 26.0225224083528 20.9564606246598 21.662396337858 21.3094284812589 50.2201307857358 0.178354708806553
26.0634899130992 23.4531393767928 24.758314644946 19.2630353439917 19.9782273229208 19.6206313334563 46.5619797768261 0.186556614450794
25.086291744796 22.7919307237547 23.9391112342754 18.629890070876 19.4648261339749 19.0473581024254 45.1637631456773 0.185565024367509
25.746322761701 23.6264589175736 24.6863908396373 19.6596231805019 20.5954728514473 20.1275480159746 47.4789718475957 0.179452455160289
27.274132554811 25.2961191758938 26.2851258653524 20.2830320883122 21.308479527875 20.7957558080936 49.3679435634291 0.186971611395229
25.8744560784632 23.9241246970459 24.8992903877546 20.0494771195941 21.0001223984891 20.5247997590416 48.3023265322064 0.1766820407329
26.5999221738636 24.0821365637136 25.3410293687886 21.0843338159434 21.9396189924053 21.5119764041743 50.3021211619707 0.169165496858062
29.0781272489991 26.6074497781255 27.8427885135623 21.7313381892131 22.8523997308636 22.2918689600384 52.7877316053316 0.184013141741541
29.9709352431604 27.7688146868442 28.8698749650023 22.571519196489 23.6578861037137 23.1147026501013 54.7359670605923 0.184007596575171
38.498514024721 35.4461560865166 36.9723350556188 26.4477988335224 28.2996748868177 27.37373686017 65.8658606118898 0.20308493042701
