36.0171840480259 33.847370544386 34.932277296206 28.356303465877 29.8280839890476 29.0921937274623 68.3126131055019 0.17407119149314
39.3499151899773 36.8569318530196 38.1034235214985 29.8444311155356 31.4949486389816 30.6696898772586 72.5450718288839 0.182683491734223
34.9628042011121 32.9007601458915 33.9317821735018 27.4141585295104 28.7139410160022 28.0640497727563 65.9972959893086 0.175833433230593
30.5328886526138 28.4451493038659 29.4890189782398 24.8602654806305 25.7792880501679 25.3197767653992 59.0569064936541 0.166220915785451
28.9016169134369 26.9684436750499 27.9350302942434 23.2086081832054 24.4043217186241 23.8064649509148 55.6195738464783 0.168161126844265
25.3933450257355 23.6546014597122 24.5239732427238 20.9330928847858 21.7811345788844 21.3571137318351 49.6565844979127 0.162530319438581
19.5683351219364 18.4279973078033 18.9981662148698 18.0484915702327 18.5492120054444 18.2988517878386 41.5548203432219 0.135448847420011
18.5073333907312 17.676394356033 18.0918638733821 17.5255863442483 18.0298692609402 17.7777278025942 40.174277960185 0.129904743910034
21.6015641478007 19.9169664943584 20.7592653210796 19.0218790033996 19.7975570020649 19.4097180027322 44.3933619273215 0.143585958360457
22.6564206051603 21.2232435190252 21.9398320620927 20.0024069908083 20.880162138979 20.4412845648936 46.791892204501 0.144543828837024
23.3050253285924 21.6020908264826 22.4535580775375 20.3620161102547 21.1576891561245 20.7598526331896 47.6074435802319 0.146622869184533
24.4106524803814 22.9194780582468 23.6650652693141 21.1369568870415 21.9771552813876 21.5570560842146 49.6081095744134 0.150623475223491
27.0927621002779 25.1648208774326 26.1287914888552 22.0286236638947 23.0346239118127 22.5316237878537 52.5031906138844 0.165100019160353
28.0436233937162 26.1192947183575 27.0814590560368 23.0520087047327 24.1588768802173 23.605442792475 54.8730412176108 0.162296375882925
36.4245719053027 34.150275603376 35.2874237543394 27.3620813677519 29.0322195443586 28.1971504560553 66.7990586296487 0.184500163123818
