33.9838955698135 31.5804423275865 32.7821689487 25.6439013454915 27.155018956764 26.3994601511277 62.4379629493895 0.18256135905723
37.1635646182741 34.9014993402055 36.0325319792398 27.5057203420636 29.0462266619205 28.275973501992 67.2395267848859 0.188986946464443
34.8802402337662 32.5723071928838 33.726273713325 25.9638016718357 27.3858612365963 26.674831454216 63.328531001258 0.187046506928329
30.2029116087818 28.0874546346083 29.145183121695 23.881671116362 24.9086405620215 24.3951558391918 57.2205240613565 0.172784556871521
28.3962376360299 26.2341181909801 27.315177913505 21.9869339514616 23.1716080143437 22.5792709829026 53.105205517341 0.17597254485216
24.9614172574802 22.9499246923229 23.9556709749016 19.3841750243755 20.2369492156023 19.8105621199889 46.5891224728238 0.175865737444554
19.9744913188512 18.6337808509414 19.3041360848963 16.6284128889377 17.340189695552 16.9843012922449 39.3983312340613 0.159845511338484
20.8272366089128 19.5380246418142 20.1826306253635 17.0641178075929 17.7934450850994 17.4287814463462 40.5996792213143 0.164730860453405
23.0601180841865 21.6529790914415 22.356548587814 18.065671033094 19.0666114988249 18.5661412659595 43.6228086795443 0.174794698980489
24.0075029462886 22.2092714582934 23.108387202291 19.2004088534724 20.096855336082 19.6486320947772 45.9285101372211 0.168745740560468
24.0657828476305 22.6283623167266 23.3470725821786 19.5777336203289 20.418156671442 19.9979451458854 46.6690399638579 0.166845883999739
24.7946393602209 23.4064855649268 24.1005624625738 20.2255028703477 21.2193081425789 20.7224055064633 48.3186077359826 0.165854218056685
27.5782645255727 25.7419965747973 26.660130550185 21.5470337041748 22.6925764045922 22.1198050543835 51.9827795218522 0.175027975925825
28.9407780690425 27.0862680791241 28.0135230740833 22.1568422519162 23.3605685253166 22.7587053886164 53.726616475339 0.180353090343451
40.6169091610297 38.5452798842442 39.581094522637 28.6859789725974 30.5354167236578 29.6106978481276 71.1016608586379 0.200607652398404
