36.0380145456324 33.3152441368886 34.6766293412605 29.0020978696182 29.987291960648 29.4946949151331 68.9385371992648 0.168659947112962
41.1827992017138 38.2913841449027 39.7370916733082 31.230498750548 32.6657573458876 31.9481280482178 75.5873005944121 0.182969163018437
37.1823196222259 34.530383469807 35.8563515460164 28.9574110435088 30.0245972828837 29.4910041631963 69.4364091021309 0.177247283915564
35.9193992550799 33.38986612963 34.654632692355 27.40091740521 28.6719437357603 28.0364305704852 66.2447580276247 0.181404991285919
31.8598175517034 29.4607923657404 30.6603049587219 25.5304260435072 26.4192775111254 25.9748517773163 60.7649129339068 0.169687385607575
27.5517212415323 25.4350514976406 26.4933863695864 23.3161855457304 23.8996963221086 23.6079409339195 54.604641104491 0.156488853842309
24.0074984642205 22.2145406689425 23.1110195665815 21.2597008552548 21.8418073358296 21.5507540955422 49.3216443976306 0.144313655544723
22.8162480253974 21.0256416101444 21.9209448177709 19.7132688827709 20.0887890848236 19.9010289837973 45.8331444088856 0.151527000091335
24.8380169990363 22.8893537053753 23.8636853522058 21.2057707948863 21.851080863757 21.5284258293216 49.6537150704579 0.153212860617746
24.1976319949787 22.6830965767172 23.4403642858479 21.1604616429308 21.6826054450208 21.4215335439758 49.2590753693081 0.149756044967212
25.9689108386224 24.1050156192077 25.036963228915 22.2029628480196 23.049371046474 22.6261669472468 52.1646012721486 0.152749411638548
26.6386716611237 24.618049405798 25.6283605334608 22.9347167979315 23.9126284203151 23.4236726091233 53.8616293500659 0.149726395362257
27.3560771581787 25.5926287479298 26.4743529530543 23.9856349611588 24.7893522295876 24.3874935953732 55.9749262513865 0.147615396237482
29.3002889499261 27.3654806047251 28.3328847773256 24.5412906376404 25.6054612892041 25.0733759634223 58.0856883641868 0.158314070847973
39.9462767239512 37.1209427477985 38.5336097358748 30.5133681847793 32.3165207083819 31.4149444465806 74.106203788949 0.179473736058368
