37.0610301909419 34.030310923651 35.5456705572964 26.8192829758081 28.081430666323 27.4503568210656 65.492165003133 0.192920103553514
38.7336466410469 36.083717159522 37.4086819002844 27.3165163807763 28.9753315750185 28.1459239778974 67.5071901719083 0.199235637545968
36.2227718478801 33.7542423518809 34.9885070998805 25.7699958528797 27.284320990705 26.5271584217924 63.5268142281476 0.197391993858632
34.9268718003666 32.7561928755143 33.8415323379404 24.5257207752089 25.898329186298 25.2120249807534 60.5896062824593 0.20160134556254
27.476638440005 25.5953267006554 26.5359825703302 20.9600288192394 21.956486852991 21.4582578361152 50.7067973475135 0.181521765065469
27.2612338066432 25.8681087814555 26.5646712940494 19.6533908886576 20.8280540570262 20.2407224728419 48.4235354963687 0.196190886005707
23.9571860056142 22.5505647054407 23.2538753555274 17.0941047690709 18.0638650004155 17.5789848847432 42.1226239478559 0.198096028412145
18.8521889818693 17.6208095059131 18.2364992438912 15.4957158983981 16.1625723028398 15.8291441006189 36.8310687917451 0.163394197362353
20.9402501778392 19.9255933585064 20.4329217681728 16.4884877608035 17.1903732350703 16.8394304979369 39.6311798866367 0.176737535497183
21.1554151896018 19.6872888013474 20.4213519954746 16.9540495434522 17.8291394567191 17.3915945000857 40.6383881853157 0.168334168126893
22.7571276805914 21.4430291292369 22.1000784049142 17.840026439274 18.7487220094016 18.2943742243378 43.014134903723 0.175610993200833
23.8871426664995 22.7148936667485 23.301018166624 18.2783712271229 19.3331113106008 18.8057412688619 44.4571052544176 0.182008850882911
24.7563213873242 23.4323263573054 24.0943238723148 18.8972024257093 20.0165674628994 19.4568849443043 45.9909634122113 0.181868617300799
26.5109617836357 25.0380678912963 25.774514837466 19.8020491346726 20.9740944610208 20.3880717978467 48.4019619175252 0.187016663406031
33.7410787560473 31.8088967117931 32.7749877339202 23.9682091697865 25.6288725156082 24.7985408426973 59.4114576596634 0.197882126140477
