39.6074541769791 36.620497012222 38.1139755946005 26.9301074090059 28.0633249534367 27.4967161812213 66.4986799647432 0.209211302296491
40.9043196838743 38.1137114702899 39.5090155770821 27.7265583627692 28.9540617830987 28.340310072934 68.6148371459705 0.210551983541989
38.6706161158774 35.6094275645016 37.1400218401895 26.266980025107 27.4301821002434 26.8485810626752 64.9056181945754 0.208734607669955
33.7930618219542 31.5051446835872 32.6491032527707 23.6524046718406 24.4773332535678 24.0648689627042 57.9554237771473 0.204149996972076
32.408069957331 30.4694406398847 31.4387552986079 22.5997682952435 23.6126286047767 23.1061984500101 55.6781967316157 0.204832479303651
27.5402592586177 25.7604168124327 26.6503380355252 19.9466606659966 20.2360930989753 20.0913768824859 48.169359228763 0.198757046630123
24.9016333050244 23.2673785132882 24.0845059091563 18.2170459606655 18.6015933536169 18.4093196571412 44.0137814754852 0.195421185986407
24.7047844909424 23.0186473958972 23.8617159434198 17.5073952306667 18.3708355985314 17.9391154145991 43.0332799964789 0.199425919336521
23.7626086266216 21.8443265571135 22.8034675918676 17.3075512218802 17.9186634090867 17.6131073154835 42.0205975426825 0.192878598591819
24.8531980242812 22.8238629566412 23.8385304904612 18.2366706967025 19.007738617973 18.6222046573378 44.3247351644415 0.190104393653951
26.808025582537 24.6986898877712 25.7533577351541 18.9488880785659 19.7643090936227 19.3565985860943 46.4358437122573 0.19948356385343
25.7323298024883 23.8790173620815 24.8056735822849 20.1080260176488 20.759573878652 20.4337999481504 48.0951826310976 0.176853613942007
28.7461759251005 26.4023606404749 27.5742682827877 20.7618115506785 21.7360846312114 21.2489480909449 50.718753982718 0.193441523920223
29.5992719701679 27.3635313179259 28.4814016440469 21.6709243283186 22.7301071423017 22.2005157353101 52.8657254436249 0.190641831791807
38.5888885312305 35.9299973519182 37.2594429415743 25.3043310848328 26.886440180165 26.0953856324989 63.4689202547547 0.216094698667937
