31.9988364437546 30.2929134436478 31.1458749437012 27.1533085622959 28.3531284828427 27.7532185225693 64.192840360052 0.156493620872288
35.89106986835 33.6942952611634 34.7926825647567 29.3410226178326 30.8369023228618 30.0889624703472 70.0683496113177 0.164353036107016
33.5213538161696 31.5473887578989 32.5343712870342 27.4123915579948 28.7089343969573 28.060662977476 65.384189919584 0.165050696985799
28.5586242224033 26.7611380931235 27.6598811577634 24.6784431955208 25.6986451586648 25.1885441770928 57.9690700425352 0.15070306634184
24.6962213471907 23.1036712770755 23.8999463121331 21.8696039156454 22.6245459415913 22.2470749286183 50.9365861069088 0.144792883341818
19.2943267048223 18.2351270089928 18.7647268569076 19.3051761434639 19.848292145437 19.5767341444504 43.5762325147898 0.112959704955251
17.5516721628516 16.489318163056 17.0204951629538 17.0692879204903 17.493638698908 17.2814633096991 38.7348162550931 0.120704177676708
14.8639810789192 13.9943346471508 14.429157863035 16.110860641569 16.4604777811024 16.2856692113357 35.5008369238518 0.0899409923892275
17.6962552251206 16.6272667254261 17.1617609752733 17.4538636230202 17.9106095976159 17.682236610318 39.4856557275212 0.116534536826648
19.0580488491127 17.889178900536 18.4736138748244 18.2577020617869 18.8098223834731 18.53376222263 41.6670490035864 0.12408502124599
19.7058921854191 18.4967703289974 19.1013312572083 19.0531125025414 19.6219017412527 19.337507121897 43.3753139520889 0.121533237936664
21.7717182069577 20.4433010167735 21.1075096118656 19.9999052625936 20.6738992687482 20.3369022656709 46.1795184305937 0.135362648335722
22.3700350372071 21.0179701042328 21.6940025707199 20.6766090230635 21.3813662903476 21.0289876567055 47.6806265328851 0.133688109747907
23.8744528957921 22.3108189359364 23.0926359158642 21.5411711965194 22.3554563743814 21.9483137854504 50.0031646194914 0.13911175838571
32.2915516394533 30.2024232739563 31.2469874567048 25.5565775664088 26.8049302344841 26.1807539004465 61.3952787499954 0.172526944477109
