39.1087645189773 36.2019623399975 37.6553634294874 28.9805936585195 30.6148704952835 29.7977320769015 70.7350063150311 0.186919295275214
42.9637615321844 39.6764076086216 41.320084570403 31.2604364103326 33.1982697620277 32.2293530861801 76.7367086856218 0.190478575235915
39.311876590882 36.5430680448809 37.9274723178815 29.3428125732873 30.923794414562 30.1333034939247 71.4718327853327 0.185927603320069
35.4218281476949 32.9332736875569 34.1775509176259 27.2698991046893 28.5578316623634 27.9138653835263 65.8219791662101 0.179019427475202
30.8930873085928 28.4844335401567 29.6887604243747 24.1045607285142 25.2147757835062 24.6596682560102 57.9378310249872 0.174748792714724
27.3729201935703 24.9835734363217 26.178246814946 21.18922928516 22.1772284185404 21.6832288518502 50.9754915761105 0.175458967029278
25.6535431069593 24.0907940038479 24.8721685554036 20.1676870289292 21.2036764012849 20.6856817151071 48.5873408360182 0.174419618004034
25.1606880608242 23.4124810187781 24.2865845398011 19.473253320412 20.4870051034681 19.98012921194 47.0405793481136 0.177184062453471
23.140962427959 21.8271133526584 22.4840378903087 19.5816687157194 20.4632379333963 20.0224533245579 46.3182674921483 0.156658146265675
27.0137447115625 25.1724119079223 26.0930783097424 21.4714427059484 22.5485836503265 22.0100131781374 51.5387349555854 0.170802001308636
28.4704960875649 26.9124453985432 27.691470743054 21.7921515680438 22.9213909667957 22.3567712674197 52.847997265712 0.181923736517509
26.8704757611096 24.9887599848492 25.9296178729794 22.0949035940086 22.9642315942325 22.5295675941206 52.4095938059545 0.163129154321442
30.5346213321186 28.6457743365985 29.5901978343585 23.7976530835787 25.0498005786112 24.423726831095 57.461594891492 0.176347804920888
32.8914341370414 30.6326236136185 31.7620288753299 24.8663124934011 26.2668854523466 25.5665989728738 60.4738194866586 0.182672352134545
36.9035067196476 34.6154518844217 35.7594793020346 26.645558063696 28.1755342669235 27.4105461653097 65.4966832300506 0.194735100042298
