34.3491862204046 31.9425063451003 33.1458462827524 26.5770359151472 27.9195097519556 27.2482728335514 64.1626987062968 0.17737184845147
35.9703655429085 33.4450117332875 34.707688638098 27.4998107923966 29.0357473718527 28.2677790821247 66.6963299017781 0.17972355925114
34.6625693313926 32.6207780360299 33.6416736837112 25.7684373854903 27.1771480258075 26.4727927056489 62.9155340028196 0.188305569087058
30.3911368903915 28.2624066973165 29.326771793854 23.5634959649967 24.7742715563793 24.168883760688 56.8809951015843 0.1767402182244
25.868474942638 24.1616088133076 25.0150418779728 20.9318502792743 21.9893172474921 21.4605837633832 50.064774864357 0.166435531678762
23.5442268363168 21.5948220996081 22.5695244679624 19.0359526575749 20.0036122999352 19.519782478755 45.4550568361805 0.164333078138884
19.3779195467696 18.1017565979863 18.7398380723779 16.1369885202171 16.7725211641452 16.4547548421811 38.1873117857336 0.160373161192351
18.5079348507171 17.258990675266 17.8834627629915 15.6104913490037 16.2862180085097 15.9483546787567 36.8815032255232 0.156279251634954
18.5112734332181 17.0788854185228 17.7950794258704 16.1202579751025 16.6195433614849 16.3699006682937 37.5848028244372 0.147985060692334
20.9492198984253 19.4372239195357 20.1932219089805 17.1782199416991 17.9781187612823 17.5781693514907 40.8741985625468 0.162640936756037
20.7147935371727 19.4732324342227 20.0940129856977 17.6478570075267 18.3697739481993 18.008815477863 41.599039531861 0.154963234061559
21.7433083216556 20.3680724783173 21.0556903999864 18.4629385814238 19.3093771586531 18.8861578700384 43.6174161233562 0.154745619079895
22.8349521785386 21.1769586569151 22.0059554177269 19.0801573616216 19.9361882319327 19.5081727967771 45.175292466986 0.157855554633217
25.8444017401276 23.99038559426 24.9173936671938 20.1766738706714 21.320253269108 20.7484635698897 48.7219613409114 0.174110101617766
31.9151832397195 29.6438990165785 30.779541128149 23.6511512983863 25.1220931312892 24.3866222148378 57.8750666855353 0.186615066565507
