34.1151051121338 31.9083025993316 33.0117038557327 28.4117134751033 29.5762065320168 28.9939600035601 67.2836261756494 0.160304183481453
37.9753112541833 35.8196763909627 36.897493822573 30.082611959662 31.4601433608241 30.7713776602431 72.2338590023529 0.173718313816019
31.923298864783 29.9867531939636 30.9550260293733 27.0455225568427 28.0336476471863 27.5395851020145 63.7217609331567 0.156912144774751
29.7409949964762 28.0060234686043 28.8735092325403 25.5185515590973 26.3977243312966 25.958137945197 59.918304965379 0.154133341379859
24.8269946816993 23.3475493708782 24.0872720262888 22.4884211684406 23.1995170306786 22.8439690995596 52.0708605839304 0.139706947531596
22.1710527740033 21.0537938283694 21.6124233011864 20.2590935657702 20.8943002311225 20.5766968984464 46.8589705107914 0.13864170576205
17.0774022907174 16.1538318555071 16.6156170731123 17.4682966979504 17.9006490396926 17.6844728688215 39.1602844999948 0.107193999800698
18.5474006295578 17.6949622952021 18.12118146238 17.5823450048031 18.0534372043395 17.8178911045713 40.2587053312269 0.129727000096499
18.9542249710807 18.1281527100812 18.541188840581 17.6506717611503 18.1245872339725 17.8876294975614 40.6049882121064 0.135001935769131
19.2340697286595 18.0397362238607 18.6369029762601 18.9678857927235 19.4487862437227 19.2083360182231 42.8899895444126 0.116442088052878
20.6559950644697 19.4808626336703 20.06842884907 19.7522930032558 20.3844336987237 20.0683633509897 45.1538543823068 0.125000917926872
22.3013329523821 20.8956145332198 21.5984737428009 20.3567260613972 21.1273263541855 20.7420262077913 47.1368400232054 0.136264113037796
23.1918199637516 21.7784855609948 22.4851527623732 21.2664692048777 21.9968044356823 21.63163682028 49.1374864155151 0.135778277523779
25.3907573368089 24.0089840666355 24.6998707017222 22.4506493379411 23.3597620068839 22.9052056724125 52.4901822734145 0.145813380244709
33.7234854253178 31.663434876745 32.6934601510314 26.6712345077505 28.0389849453631 27.3551097265568 64.1684318881567 0.172878349412375
