34.5816882544206 32.053191051752 33.3174396530863 27.3368869037063 28.7815317076553 28.0592093056808 65.7264953308305 0.171210753211134
37.6517675801373 35.3593395970453 36.5055535885913 28.8379558824466 30.4048752021575 29.621415542302 69.9457388680316 0.180661652852864
33.6540295416613 31.3781543248352 32.5160919332482 26.6102236251549 27.8720300984352 27.2411268617951 63.8834283889688 0.172554804965932
31.5389370861692 29.7169570866129 30.627947086391 24.9660925323045 26.2364687407383 25.6012806365214 60.0674528335459 0.173133752298644
28.0258719500776 26.1087247823917 27.0672983662347 22.9996277612135 24.1226923279785 23.561160044596 54.7867998998715 0.162650731037274
24.3483900024629 22.7309546816571 23.53967234206 20.0799457646535 20.930812857718 20.5053793111857 47.6733933691186 0.162460655948772
20.0885699161427 18.8065264834987 19.4475481998207 17.6013710859999 18.188957009358 17.8951640476789 41.0839928879024 0.147907691106951
20.3259814563 18.6909528601067 19.5084671582034 17.306538092986 17.9404865924273 17.6235123427066 40.6344522939905 0.152847727053878
22.0020427525711 20.5468180389047 21.2744303957379 18.494446185104 19.3424537903908 18.9184499877474 43.778547268865 0.157033142176507
23.5959141095232 21.8780116636157 22.7369628865695 19.524717504333 20.3078560490747 19.9162867767038 46.2459262916281 0.161007742309732
22.9504514109368 21.8316055741253 22.391028492531 19.9832938775397 20.8129470670005 20.3981204722701 46.9402473748227 0.150602268445145
24.2478867015115 22.9948970512559 23.6213918763837 20.4003562816702 21.225447956974 20.8129021193221 48.2636179301822 0.159463914582475
24.8770801186013 23.3052678130166 24.0911739658089 21.133185743337 22.070414705825 21.601800224581 49.8929264772903 0.15483260558341
27.3848799442287 25.6384856708852 26.511682807557 22.2133344913768 23.2392375414783 22.7262860164276 53.0269706149937 0.166644003702658
34.946687411175 32.6797213587743 33.8132043849747 25.714661017173 27.400887733502 26.5577743753375 63.1421565128366 0.188769729354141
