39.1709175208367 36.723223870803 37.9470706958198 28.6919798224637 29.7733711151084 29.232675468786 69.7796767411735 0.193521900102554
45.94381158666 42.2321802529816 44.0879959198208 31.7101921795931 33.0751629221944 32.3926775508938 78.0603329785428 0.204907079013432
42.7945338769252 39.0890230033494 40.9417784401373 30.2473193115157 31.5181723037571 30.8827458076364 74.0335234478276 0.198622750531485
38.9195790693573 35.5192261587861 37.2194026140717 27.8083572999482 28.9342194589595 28.3712883794539 67.8689983203896 0.19608594105193
38.5098409875818 36.1489318182945 37.3293864029382 27.3810642823417 28.4469087841674 27.9139865332546 67.0333385837157 0.200712383088981
34.6580392821659 32.3977601464508 33.5278997143083 24.9597423278099 25.8105717768758 25.3851570523428 60.8086731141884 0.197721034161897
27.9464341813208 25.8708021253686 26.9086181533447 21.7607121162596 22.4202165692073 22.0904643427335 52.0327404321952 0.177719481693714
30.7146233120789 27.9391212536357 29.3268722828573 22.1558205173247 23.1068411903852 22.6313308538549 54.0028041269882 0.193098286524092
30.4842069332103 28.1261217694496 29.3051643513299 22.6114750229363 23.6922809543026 23.1518779886195 54.9776792964995 0.187326559934452
30.3302617645091 28.0950305952789 29.212646179894 23.0032231630601 23.7020189115258 23.3526210372929 55.3175578627677 0.184397198379328
31.581597192128 28.9162954323952 30.2489463122616 23.7732351334605 24.8713979684787 24.3223165509696 57.5438309231848 0.18294305566241
32.3968912959167 29.3461353442774 30.8715133200971 24.9916987693139 26.0773313079912 25.5345150386526 60.0478953496942 0.175818206431518
32.6160975958388 30.154487083357 31.3852923395979 25.0474523903588 26.024508055949 25.5359802231539 60.2638141520036 0.179978477923503
34.1060552967345 31.8368427650072 32.9714490308709 26.0783724818043 27.1705709816593 26.6244717317318 62.9337346653275 0.181877621825663
41.7202077171804 38.2426701519838 39.9814389345821 29.7336848844527 31.3960450931275 30.5648649887901 73.0735853909407 0.195385378239704
