36.0287947269044 33.7389257202188 34.8838602235616 26.7221787718812 28.470419013866 27.5962988928736 65.5132538078673 0.186993481665495
40.1226874961953 36.9345756589417 38.5286315775685 29.1396987727438 31.0813836288478 30.1105412007958 71.663122504283 0.190000571998836
35.8087136844183 33.1830247125248 34.4958691984716 26.3983452405121 28.075545565819 27.2369454031655 64.6860804644206 0.18746943731992
34.5023617035597 32.1586788686491 33.3305202861044 25.9234925364714 27.5015582016179 26.7125253690446 63.2424853605392 0.183760885330348
30.8910952275691 28.3741594438715 29.6326273357203 22.8345486652958 24.3610509880864 23.5977998266911 55.9433319686016 0.185350591569239
26.6374755397652 24.8627778399458 25.7501266898555 20.5848475666328 21.6740369671625 21.1294422668976 49.7741530837512 0.17783878190031
24.6957360156787 21.9521171094591 23.3239265625689 19.2624424950197 20.3455218805039 19.8039821877618 46.3060357149691 0.16910920429894
23.0225281800055 21.6936645606117 22.3580963703086 17.6040150264057 18.611368763644 18.1076918950248 42.7752635107282 0.181135170586843
22.0727759316516 20.4931597102891 21.2829678209703 18.5159393668303 19.3253144851596 18.9206269259949 43.7864493025151 0.157108838776299
25.5676005241465 24.0852083596875 24.826404441917 19.7592893531127 20.9252495854244 20.3422694692686 47.9345876906434 0.17820157094711
25.4035872904193 23.7416624317752 24.5726248610972 20.3391352899393 21.4053893553134 20.8722623226263 48.799764959617 0.169009956978076
27.3149879391077 25.5211498047145 26.4180688719111 21.28438635352 22.4285644618543 21.8564754076871 51.3956858915646 0.175754208601454
27.7364436039175 25.8538146579545 26.795129130936 21.7917720345645 22.8473247531609 22.3195483938627 52.4073803366137 0.174024209894506
29.7989644782372 27.9967027638008 28.897833621019 23.0494862497884 24.3836986094609 23.7165924296247 55.8664800911654 0.177793147496642
36.7637895132819 34.6956582122522 35.729723862767 26.2322127108513 27.9283844364486 27.0802985736499 64.8557285652256 0.197470707142287
