33.8370222200482 31.505532267744 32.6712772438961 26.1731326040542 27.5802022482866 26.8766674261704 63.2782760029057 0.177197213470191
36.4436050953246 34.0809437438841 35.2622744196044 27.3578720219142 29.008202707631 28.1830373647726 66.7626430017837 0.184447264105638
32.377313884219 30.2243930425083 31.3008534633637 25.1305952527555 26.478412188579 25.8045037206672 60.7259643438665 0.176654374004298
29.5397178007677 27.3615218451321 28.4506198229499 22.9527798821403 24.1904116501032 23.5715957661218 55.4117437317748 0.175392287428735
26.7101038821079 24.8501734122478 25.7801386471778 21.4975389431341 22.6431848414544 22.0703618922943 51.5114459193791 0.166982357850778
21.5952081558468 20.1869133618227 20.8910607588348 18.7718945126655 19.5357389339857 19.1538167233256 44.0110475074702 0.148884531558489
18.2671889782193 16.8708490810231 17.5690190296212 15.8615178607936 16.4820022839036 16.1717600723486 37.1245870569628 0.14782147678658
19.2609116294158 17.8289582167519 18.5449349230839 16.2199518130957 16.861756728084 16.5408542705899 38.2503136224746 0.156237549667696
20.4759879523266 19.0466131216849 19.7613005370058 17.1634291979278 17.9734018332488 17.5684155155883 40.6568437684896 0.157100471935421
21.4880884972647 19.7287914983249 20.6084399977948 18.5004382900244 19.3797648595745 18.9401015747994 43.4955139649936 0.148238666862963
23.8651227244231 22.4451452632039 23.1551339938135 19.5576402859407 20.4711798765866 20.0144100812636 46.6130519164064 0.164487280093331
24.3197514222259 22.7754804427083 23.5476159324671 20.0116523047583 20.9653827026044 20.4885175036814 47.6466215169201 0.162764009361802
25.0259267527935 23.3109964061438 24.1684615794686 20.5944390171664 21.5791134308753 21.0867762240209 49.0074641068207 0.162042589777049
27.4116116456285 25.6936969680154 26.5526543068219 21.822083568565 22.9573099958314 22.3896967821982 52.4319021506259 0.170893528855512
35.928215932789 33.9810939789592 34.9546549558741 26.5178244937703 28.1731827096896 27.3455036017299 65.0685150355319 0.189747974350994
