31.7459781536558 29.7694123514783 30.757695252567 25.159025901342 26.4346457216518 25.7968358114969 60.4816267718917 0.172268320305718
35.6611176764483 33.3836877525592 34.5224027145037 27.3121681622799 28.9496975405052 28.1309328513926 66.3663622557296 0.179597608908377
32.4783703156346 30.2497134237009 31.3640418696678 25.641095736208 27.0487855228478 26.3449406295279 61.7463927085154 0.171883314842411
27.6815241202564 25.6924513506691 26.6869877354628 22.8306699659366 23.9117560166396 23.3712129912881 54.2709790754518 0.161064663089631
24.4079280327505 22.8732372726795 23.640582652715 20.4050533869527 21.2951752369988 20.8501143119758 48.3392136397968 0.159207400892568
21.4688442006165 19.9640829830843 20.7164635918504 18.1437439267778 18.873527065161 18.5086354959694 42.7843504236874 0.1557942894549
17.6382575197778 16.7011929909848 17.1697252553813 15.5340679148588 16.028758304644 15.7814131097514 36.2407698589559 0.148210543850555
16.1028664258064 15.2590897778302 15.6809781018183 14.1450780512471 14.6499587902834 14.3975184207653 33.07111926312 0.148500675485232
15.2356569930808 14.3305766776305 14.7831168353556 15.0059917843286 15.4224149415001 15.2142033629144 33.9842064711247 0.116857901149243
17.3543707818935 16.3581801405531 16.8562754612233 15.9086773591033 16.4281355560699 16.1684064575866 36.7538765504011 0.136595515668622
17.2377398113379 16.3169245765317 16.7773321939348 16.5463477150678 17.0327605208095 16.7895541179386 37.7696181776686 0.124795152758526
19.8205678224126 18.5552342396925 19.1879010310525 17.3090698932446 17.9959506768351 17.6525102850399 40.5289158517314 0.147964657640754
19.9549114026815 18.6395673337653 19.2972393682234 18.043986698001 18.7384029079751 18.391194802988 41.8716783835258 0.138362102953825
23.5241665245708 21.7873054364101 22.6557359804904 19.7163520577112 20.6114269654251 20.1638895115682 46.6515217992786 0.156808605118429
30.3082751610218 28.5036513287838 29.4059632449028 23.0922898247185 24.3860561684228 23.7391729965707 56.1166851303848 0.18194271423211
