37.4579649922744 34.7072930925451 36.0826290424097 28.4607583329879 29.9085564057868 29.1846573693874 68.9613404526483 0.18146565128059
39.6518746361091 37.0615670952213 38.3567208656652 29.4056625860756 30.8815078648702 30.1435852254729 71.6590675159519 0.188628807421956
37.5467887901355 35.2485860153914 36.3976874027635 28.1291878909812 29.3748656630495 28.7520267770154 68.2776430441428 0.187353565953209
35.5457855766763 33.6112143193631 34.5784999480197 26.4265431591012 27.6937512195009 27.060147189301 64.3851219410991 0.189666883381839
29.2684414747553 26.8717391273996 28.0700903010774 23.7865009585689 24.6916441723626 24.2390725654658 56.4644875264772 0.164741088463178
27.5048346923281 25.1131330493088 26.3089838708185 21.8821373818878 22.698512324786 22.2903248533369 52.1444792595209 0.169666202772159
23.1929841031769 21.1218176254139 22.1574008642954 19.4273096083232 19.9711071848296 19.6992083965764 45.5876173926235 0.157092622070701
24.3568335416839 22.7345047378306 23.5456691397573 19.0315937229518 20.0176074170755 19.5246005700137 45.8895771519383 0.175173263785392
24.7885220069577 23.4646124649191 24.1265672359384 20.494240741347 21.4187100963195 20.9564754188333 48.7535536495392 0.163209763931129
24.7426299425728 23.4560987269505 24.0993643347617 20.7778173620385 21.6044718926512 21.1911446273449 49.163285013783 0.159995976582196
26.7322224925747 25.4723135918826 26.1022680422287 21.1154889088965 21.8488343555434 21.4821616322199 50.5727084259891 0.177086116653594
28.080908419948 26.3062470744861 27.193577747217 22.309013576567 23.2111021472223 22.7600578618947 53.3860877234429 0.172802109014469
29.4432331272186 27.3817799049218 28.4125065160702 23.6775840077399 24.6848701983124 24.1812271030261 56.5117371833086 0.168504330705298
30.2555889971513 28.1728652756682 29.2142271364098 23.8229803290597 24.932094595571 24.3775374623154 57.2176908117248 0.173574051525429
37.875774450251 35.7034930809871 36.7896337656191 27.6513852938781 29.1952120310763 28.4232986624772 67.8074469356891 0.192814524114412
