32.9657129465509 30.5313790329266 31.7485459897388 26.2323565039713 27.6280081315397 26.9301823177555 62.9825702694001 0.169367691726963
37.5364859793333 35.0223517546644 36.2794188669989 27.9322591558655 29.5239739906475 28.7281165732565 68.186389982882 0.186753573089402
34.0681724141966 31.6971213672551 32.8826468907259 26.0617318568611 27.5769390830932 26.8193354699772 63.2596553218861 0.179366569181065
31.8446779543145 29.5856371021447 30.7151575282296 24.8982086569725 26.202159557686 25.5501841073293 60.0107222823796 0.174369664623375
28.1164423518395 25.6854760104896 26.9009591811646 22.6539356146358 23.8305932539355 23.2422644342857 54.1357946542986 0.164598114081355
23.2211585331962 21.6440793081591 22.4326189206776 19.7365287609575 20.6825048060124 20.209516783485 46.6266022148668 0.153580333325177
22.034326537615 20.6304936714943 21.3324101045547 18.1031547482454 18.772120905756 18.4376378270007 42.9414560028545 0.164505355994398
21.2566277355949 19.3064870817008 20.2815574086478 17.4410283762499 18.2458207837425 17.8434245799962 41.3916728461119 0.159857869786806
21.7133376114806 20.1855259253735 20.9494317684271 18.577952045604 19.3431273754425 18.9605397105232 43.698370670268 0.15235039026909
22.7827342976464 20.981942510923 21.8823384042847 18.7680379333432 19.5713453255963 19.1696916294698 44.5112673508409 0.160980265389695
24.7580145669644 22.8508702231992 23.8044423950818 19.9089243427441 20.8442850992169 20.3766047209805 47.5595016679088 0.167012422313415
25.3461530234565 23.6683565953068 24.5072548093816 20.5675582510447 21.5383497959205 21.0529540234826 49.0992841926166 0.166090139603471
26.4292121664851 24.8133910413346 25.6213016039098 21.4010986351897 22.405452076104 21.9032753556469 51.1375722931991 0.167349893175115
29.25440958792 27.3302532248667 28.2923314063934 22.6567449242803 23.7341826951553 23.1954638097178 54.65114656212 0.178056774601414
37.6149676657933 35.0196025294166 36.317285097605 27.10051229004 28.8000119502403 27.9502621201402 66.7316102509366 0.1937564299773
