29.0583580998016 27.6529409561278 28.3556495279647 22.8835906829128 24.1386386982328 23.5111146905728 55.2603000334594 0.175195237672355
30.9954185214479 28.9369990256489 29.9662087735484 24.032026109864 25.235791047075 24.6339085784695 58.0067806251763 0.177376713086354
29.8368254934467 28.4194291209985 29.1281273072226 22.7619197880028 23.9834465941398 23.3726831910713 55.3212783064565 0.183460149915308
27.1324151084345 25.3347934140817 26.2336042612581 22.1147600383691 23.1410973827059 22.6279287105375 52.7245188740227 0.165031929092778
22.0283463613601 20.6641203148675 21.3462333381138 18.9883824495672 19.6078151815888 19.298098815578 44.4878557221795 0.152648666257931
19.2078259233222 18.6177471870786 18.9127865552004 17.5718965131806 18.0700068529564 17.8209516830685 40.6843175407876 0.141474323715308
15.6917702768908 14.5868741447957 15.1393222108433 14.9416552440635 15.4305689267414 15.1861120854024 34.1423719276132 0.124131434550404
14.378303603284 13.2670568257701 13.8226802145271 13.5072709071549 14.0192609327624 13.7632659199587 31.0006610055841 0.126210202791646
15.1537587498641 14.4847193360142 14.8192390429391 15.1253431344382 15.405542673194 15.2654429038161 34.0906312773706 0.116594896465419
16.1207382103472 15.5346884306043 15.8277133204757 15.7257926614306 16.1377958105147 15.9317942359726 35.7877032492938 0.123153573264469
19.0925938163837 17.9518600829921 18.5222269496879 16.5820326486675 16.9636339516796 16.7728333001736 38.6515178828494 0.152205986642977
20.60265484485 19.1837116216843 19.8931832332672 17.4380349808742 18.2021073991809 17.8200711900275 41.1677042556535 0.155093709128721
21.9666664167038 20.5722898572029 21.2694781369533 18.7451866392316 19.5320035361922 19.1385950877119 44.1680840201021 0.153900895485809
24.3671651128627 23.1868501082172 23.77700761054 19.4197348023762 20.377102895883 19.8984188491296 46.6748850949037 0.172828993318365
30.5623133984461 28.8500225554209 29.7061679769335 23.0440972228557 24.3232261542705 23.6836616885631 56.13329723855 0.185063736695261
