37.3724706061653 34.7635773047311 36.0680239554482 27.2890816306 28.56333053417 27.926206082385 66.5920011791382 0.192285142183033
39.252116876062 37.2635933236045 38.2578550998333 27.7712737822755 29.016597543201 28.3939356627383 68.2879817066162 0.202509974625169
35.819781876736 33.4214424979847 34.6206121873604 26.3085751785707 27.4084169195712 26.858496049071 64.0200190260362 0.191802007623033
33.8446411640285 31.3295287964569 32.5870849802427 24.4766323245423 25.7639185671836 25.120275445863 59.9550553525406 0.193359831617899
29.1292262938793 26.889220126263 28.0092232100711 22.339732361634 23.2158803012399 22.7778063314369 53.760333019054 0.180103391801528
26.2159909685764 24.2391126177122 25.2275517931443 20.5200458914932 21.254524654773 20.8872852731331 49.1086108924651 0.17556231578913
22.3892497816639 20.6834531306629 21.5363514561634 18.0798790126959 18.7197319870352 18.3998054998656 42.9638728611299 0.167508886478276
22.9610936195399 20.9183094153071 21.9397015174235 17.844178910233 18.7087704016429 18.276474655938 42.9133567145473 0.174005313453729
22.5322882198758 20.8290735698681 21.6806808948719 18.0045056281741 18.8571864396848 18.4308460339294 43.0839243563671 0.168799421281416
23.5677125377394 21.9014758067384 22.7345941722389 18.8132505900307 19.6888918287337 19.2510712093822 45.0402402395202 0.169811273088257
24.000638044751 22.5156776948634 23.2581578698072 19.3829678632388 20.2881390163801 19.8355534398095 46.3346127299088 0.167968740335632
26.746443985765 24.8351254440722 25.7907847149186 20.4453807363916 21.4431489959344 20.944264866163 49.4476039197308 0.180456899196712
27.1828364019122 25.5719185557305 26.3773774788214 21.2824958727269 22.2077351413354 21.7451155070312 51.1732049167056 0.176659762974333
28.1178591967797 26.0993310313817 27.1085951140807 21.7871827644872 22.9511350571278 22.3691589108075 52.6309964956656 0.176418762670539
38.8183005706808 36.2257413682736 37.5220209694772 27.307356725294 29.2240340775424 28.2656954014182 67.7778524863608 0.198941889166473
