25.1512668772077 23.5590119492787 24.3551394132432 19.6368718625757 20.7480489482189 20.1924604053973 47.4609948106501 0.175215745327501
28.6791864335473 26.9046161834664 27.7919013085069 21.7175907228219 23.1184677442941 22.418029233558 53.0027321701635 0.182145219322461
24.7609560896144 23.0072948515541 23.8841254705843 20.0712150898465 21.1979204429249 20.6345677663857 48.0625671331242 0.164612888364435
23.432513719387 22.1987109997563 22.8156123595717 19.0041500322999 19.932600824696 19.4683754284979 45.4716089447771 0.167832650232735
18.7662783893257 17.8766564993203 18.321467444323 17.4980016966862 18.0829834117863 17.7904925542363 40.3207423487611 0.133210399482724
14.9114124266844 14.161532944927 14.5364726858057 14.1961314448805 14.6648017949999 14.4304666199402 32.5278515846921 0.127054739163622
11.6686004846962 11.4756666330866 11.5721335588914 12.856941319296 13.0172290592548 12.9370851892754 28.2746807410415 0.092776321998739
12.466100816863 11.9712141869939 12.2186575019284 12.5442954599458 12.7945731612567 12.6694343106013 28.2457134605307 0.114718809382662
12.9447174150305 12.1663741770269 12.5555457960287 12.7011170070776 13.0533227990496 12.8772199030636 28.7893484184243 0.11784021066438
12.6716641262354 12.3254567209129 12.4985604235742 13.122540201964 13.1721265151788 13.1473333585714 29.2025400609413 0.110587952115124
13.3548911582095 12.3192151942977 12.8370531762536 13.2053096918126 13.5118667949801 13.3585882433964 29.7546110218383 0.113688455684942
17.0320123052321 16.0251428923145 16.5285775987733 15.0048029233228 15.5475136050051 15.2761582641639 35.0350331815692 0.146722643734234
19.4414686119309 17.9733642977418 18.7074164548363 15.9705620584917 16.8172149083337 16.3938884834127 38.0630543003915 0.160891582826844
19.7457911949221 18.5553882564132 19.1505897256677 16.3144130237108 17.056105392079 16.6852592078949 38.7902380856304 0.162410412757512
28.1036253351057 26.590071182522 27.3468482588138 20.941071264018 22.3331564685181 21.6371138662681 51.3646034898191 0.186955982375626
