37.881219493044 35.4404534293902 36.6608364612171 28.3182785738847 29.4527611197435 28.8855198468141 68.6313900011821 0.187989524944481
44.3466891474349 40.8479963824909 42.5973427649629 31.4146149183457 33.2268874816999 32.3207512000228 77.3892196156017 0.19720638819105
41.7497341218868 38.596175173397 40.1729546476419 29.5610313218062 31.2447745450964 30.4029029334513 72.8348878616287 0.19782785250896
36.9128464831488 34.082393619692 35.4976200514204 27.6388667854485 29.1470196890509 28.3929432372497 67.2490134063123 0.184255764616998
35.9747594147413 33.7435057951225 34.8591326049319 25.7806749669042 26.9920578996719 26.386366433288 63.2102525891159 0.197782437171272
30.7242720766522 28.0843948895447 29.4043334830984 23.5406703187827 24.3892278597977 23.9649490892902 56.5357115228891 0.17955000263603
26.781484873305 24.4816869693675 25.6315859213363 21.1849455548592 22.2460898003005 21.7155176775799 50.8002679455041 0.169676650120865
25.834037585804 23.6674649089628 24.7507512473834 20.2784417957183 21.0967761997178 20.6876089977181 48.5391978128033 0.173146636185876
27.6573128227141 24.8369812566966 26.2471470397054 21.4896500406898 22.6462008681665 22.0679254544281 51.7112738186845 0.171638764266086
30.0814436416485 27.7744142745889 28.9279289581187 22.7949981491131 24.0670985420045 23.4310483455588 55.3492214130612 0.181108514582368
30.0660223508081 27.8172507733562 28.9416365620822 23.3593662045067 24.5460643238395 23.9527152641731 56.3207328325465 0.175664892505682
28.8829688069449 26.7054161544037 27.7941924806743 23.09107134186 24.1373798197556 23.6142255808078 55.2076773584991 0.168949563253272
31.5017409433448 28.9571919930949 30.2294664682198 24.488654056808 25.7397137020804 25.1141838794442 59.0029619493058 0.174693994289007
33.3731810970112 30.4625704210252 31.9178757590182 25.2511033375851 26.4978085679592 25.8744559527722 61.1102209006302 0.180898663380066
41.16061956113 37.8205687197584 39.4905941404442 28.5984949647146 30.4897987546768 29.5441468596957 70.9413052146623 0.200598303812266
