37.948239950602 35.3691090631771 36.6586745068896 26.7034334686139 28.3297729543387 27.5166032114763 66.0289938577497 0.199802776350882
41.5289910772189 38.194672317779 39.8618316974989 28.30615983365 30.2444646765474 29.2753122550987 70.5538839750885 0.205006514709344
38.2375798013863 35.4352610071559 36.8364204042711 26.3070392935678 27.9696182646466 27.1383287791072 65.3633673667429 0.204262942990501
35.69537878566 33.440178047667 34.5677784166635 24.7448653778113 26.3725953160691 25.5587303469402 61.5151607587133 0.203407992566377
32.2502936028823 29.6281916906185 30.9392426467504 22.9504273380378 24.406613787398 23.6785205627179 56.59718251516 0.195116526922568
27.2091126173706 25.2613226733389 26.2352176453548 20.4028209719057 21.310623772797 20.8567223723513 49.4627196469682 0.185774034000146
25.4476325530233 23.4614877966606 24.454560174842 18.3276442328197 19.3281992929317 18.8279217628757 44.9483120874603 0.193661006603712
22.2694427022666 20.2319038123498 21.2506732573082 17.0044317804998 17.7042382775092 17.3543350290045 40.9230785656647 0.179044846641184
23.5135664907048 21.7337637044947 22.6236650975997 17.8519499177862 18.7068264692742 18.2793881935302 43.2026029310202 0.181730003040018
25.8921533948077 23.8159108157745 24.8540321052911 19.1554333774203 20.1349773878936 19.645205382657 46.6456740446999 0.187202504023685
25.5627584932234 23.3987713024409 24.4807648978321 19.2009421810174 20.1578155604322 19.6793788707248 46.5616226735441 0.183005393092195
27.2218739102316 25.3223748791565 26.272124394694 20.1391645075715 21.1746378408991 20.6569011742353 49.1016921563445 0.18850576236448
27.8857155071328 25.5598860776262 26.7228007923795 20.839637076395 21.7509226199906 21.2952798481928 50.4774277700362 0.185178784450675
30.0385441248961 27.8838086931642 28.9611764090302 21.4870147496788 22.6187040433602 22.0528593965195 52.7655711225722 0.19634307220269
36.27224808599 33.4522060917224 34.8622270888562 25.1943192302416 26.858381086441 26.0263501583413 62.5207812462598 0.20110543479763
