27.4980463567709 25.9052916189923 26.7016689878816 20.3074323894459 21.6483442808855 20.9778883351657 49.8729449587932 0.188702698812399
29.6953851513145 28.022090019162 28.8587375852383 22.3909885446981 23.7802778250228 23.0856331848604 54.6771761792864 0.184225178955537
26.7112641201488 25.182353443389 25.9468087817689 20.9407575100699 22.2448942811025 21.5928258955862 50.7112480734437 0.174261495893635
23.2050381823407 21.4109581874117 22.3079981848762 19.3822146485135 20.3821488944906 19.8821817715021 45.9850351988008 0.156438355892936
20.4063473059175 19.1444389563835 19.7753931311505 17.9839060603961 18.7225274229292 18.3532167416626 42.0507734239677 0.14559681869039
16.8108151186382 16.2132966315678 16.512055875103 15.7524604262804 16.2488462642203 16.0006533452503 36.2823997786301 0.133778696274309
13.1441661089022 12.1131680778992 12.6286670934007 12.8763094059342 13.2995849123073 13.0879471591207 29.1825529318708 0.114863644278017
12.3599161267457 11.7604079570986 12.0601620419222 12.0238512911663 12.3338967861971 12.1788740386817 27.3351993297 0.122238363040779
13.5355498704445 12.9650316642097 13.2502907673271 13.5797315137241 13.8890720302874 13.7344017720058 30.6226972060317 0.114817292896169
13.5107649346331 12.7341020105766 13.1224334726049 13.4471570581955 13.696508873527 13.5718329658613 30.2773992378318 0.115449892213964
15.7082232556239 14.6106356813707 15.1594294684973 14.7538341909895 15.3074144702061 15.0306243305978 33.8908949431755 0.127394784067084
17.2110033401388 16.4054573305856 16.8082303353622 15.1446749238377 15.6877727140727 15.4162238189552 35.4198445427354 0.14878471403563
19.9821610921715 18.830514076967 19.4063375845693 16.39528382208 17.1797902174901 16.787537019785 39.0907394678058 0.164278578261221
21.1970509984816 20.3209052757512 20.7589781371164 16.8937477759973 17.7690426495927 17.331395212795 40.6746191518024 0.173437529189057
28.2500243775395 26.7685206783073 27.5092725279234 20.2936805412703 21.5805471373868 20.9371138393286 50.1008686101632 0.19646072029405
