37.9997777644918 35.331634697907 36.6657062311994 26.9610654688929 28.0222931178667 27.4916792933798 65.983677679835 0.200066335993603
42.1153077394208 38.9710444075432 40.543176073482 29.17238752789 30.5597136960796 29.8660506119848 71.9346466822312 0.204287898939088
39.4110984279907 36.3710981858439 37.8910983069173 27.0962156285713 28.4075411297971 27.7518783791842 66.918372068983 0.205654823696121
34.4774885722491 32.6848309304888 33.581159751369 24.6634672007248 25.4674933458328 25.0654802732788 60.2147184443318 0.201148308108105
33.7373984430349 31.2622849285438 32.4998416857893 23.3997086540423 24.4687055226769 23.9342070883596 57.650550201471 0.204354712663729
29.0045469017612 26.3882911236825 27.6964190127218 21.2295679740713 21.8736011315937 21.5515845528325 51.3386108501283 0.191063485941709
26.4596649835106 23.970121835982 25.2148934097463 19.3025790512887 19.7865259078263 19.5445524795575 46.5948105831223 0.192015284869219
24.9291548146207 22.5460211802379 23.7375879974293 18.3771096031684 19.2784440715198 18.8277768373441 44.6724780658805 0.186345006418243
26.8395233836999 24.4581705761295 25.6488469799147 20.1200368755312 21.1274696690109 20.623753272271 48.7933285938753 0.182940077630749
26.8547378894226 24.5898015480783 25.7222697187505 19.8300730842431 20.7825595053937 20.3063162948184 48.2278667151798 0.187509000031831
28.4131308445206 26.3575160340398 27.3853234392802 20.8877313366628 22.0043494166212 21.446040376642 51.0198666456705 0.189493858764691
29.1666161604917 26.2934704881644 27.7300433243281 21.2865270111699 22.4242094536596 21.8553682324147 51.9246694505723 0.187915685025166
31.0932612928467 28.7923642689879 29.9428127809173 22.3207231483959 23.7341467388324 23.0274349436141 54.9865539060269 0.193935712784972
31.9635986852673 29.0888286899115 30.5262136875894 22.9129965285761 24.1865102926698 23.549753410623 56.1978065768979 0.193171868872897
41.05591860322 37.5823580772553 39.3191383402377 27.6846960431999 29.7253935447802 28.70504479399 69.2605228269884 0.20641725738553
