33.0500753159779 31.1730618824899 32.1115685992339 26.5912950878457 27.8281492689207 27.2097221783832 63.6509624229872 0.16963638962758
36.4601077132536 34.2669602818816 35.3635339975676 28.1423612612593 29.6655531100092 28.9039571856342 68.1458179453944 0.178831976323022
32.0592107113492 30.1752575748786 31.1172341431139 26.2029251906889 27.4210089411492 26.811967065919 62.4883406506248 0.165306903760419
27.1613437981257 25.2458734420982 26.203608620112 23.5066594367291 24.5007323249862 24.0036958808576 55.1661789640363 0.149118436549392
24.4520865786245 23.0552752379652 23.7536809082949 20.8107224669083 21.7303711206478 21.270546793778 49.1430446101013 0.155189969645643
20.7169701106274 19.4982200085824 20.1075950596049 18.1415086498056 18.8245862876857 18.4830474687457 42.4441515728911 0.148191380362545
18.9382247346593 17.6547112758468 18.2964680052531 16.4345286046343 17.07124650288 16.7528875537571 38.5061390370165 0.149238867432765
17.0812196687488 15.9111629080824 16.4961912884156 15.6659764575628 16.2346053267814 15.9502908921721 36.1875386400224 0.134384911368046
19.1294258735987 17.9443964268334 18.536911150216 16.8223218387532 17.519637241145 17.1709795399491 39.3597812024295 0.146113450046838
17.8654029238604 16.9234073943624 17.3944051591114 17.1755882197632 17.6868459087548 17.431217064259 39.1994988490182 0.124405103341663
19.2119393066366 18.0006184825467 18.6062788945917 17.8137368069827 18.4475408293281 18.1306388181554 41.0563223184744 0.132235955121505
21.7155532501344 20.4941123626522 21.1048328063933 18.7821377509608 19.6078794336323 19.1950085922965 44.1884475568637 0.151040056699891
23.3714176180891 21.8372023684059 22.6043099932475 19.7612419340829 20.7056452574057 20.2334435957443 46.7511280052067 0.155293407767719
25.5981938017686 24.1061436082759 24.8521687050223 20.9023134264184 21.9108902820435 21.4066018542309 49.894219012531 0.165393259338583
33.5681346932617 31.5059872348018 32.5370609640318 25.5533441383884 27.0864564869609 26.3199003126746 62.1906111853459 0.181437058015706
