27.9566033327219 26.9190425313603 27.4378229320411 21.1368072173493 22.2493983966274 21.6931028069883 51.5054341318382 0.187138478762154
28.9364623046042 27.2881751937119 28.112318749158 22.3801012564908 23.6572856514073 23.018693453949 54.2494004209072 0.17837705535803
24.5275984022116 23.221469291984 23.8745338470978 20.9577280534699 21.7784886841558 21.3681083688128 49.3741070352992 0.155322366002264
21.7590345170591 20.2435339471035 21.0012842320813 19.2108697030816 19.9056502216099 19.5582599623458 44.7752252207276 0.144662799935432
19.263176433555 18.2238943096046 18.7435353715798 17.125477668309 17.789889006282 17.4576833372955 39.9652152078095 0.144631118449444
16.57556063276 15.5552469723877 16.0654038025738 16.4643013870298 16.8830282660528 16.6736648265413 37.1639744780503 0.114451287844418
15.0293169532168 13.8401566914994 14.4347368223581 14.1335833813374 14.5748747866132 14.3542290839753 32.3421113466684 0.12657082304665
11.0806923404485 10.7536889161811 10.9171906283148 12.8813686322782 12.9495586768158 12.915463654547 27.7882107725266 0.0757728687016004
15.6370997731483 14.639368327927 15.1382340505377 14.8621915132431 15.3423027971375 15.1022471551903 34.0002626154806 0.125668990385827
16.020201448291 15.2601982244081 15.6401998363496 14.9656817112775 15.4231182709954 15.1943999911365 34.4327632214961 0.133074133943497
19.5295056508483 18.7190293519979 19.1242675014231 16.1877974054942 16.853648631626 16.5207230185601 38.4813218315893 0.164637945577735
19.354120365921 18.3468080727021 18.8504642193115 17.0338502861086 17.7078225468647 17.3708364164867 39.866695172159 0.147518007086909
21.4646233968415 20.4685443001347 20.9665838484881 17.5454465149521 18.4559735600388 18.0007100374955 41.9864176364192 0.166243374538044
22.7221289563008 21.8910243037807 22.3065766300408 18.4771328522781 19.4139451041235 18.9455389782008 44.2960361419785 0.169036050991915
28.6911760495205 27.1140491196567 27.9026125845886 21.9191019128861 23.1496291634494 22.5343655381677 53.2642289760253 0.181844434133474
