34.2849147661266 31.6298808352038 32.9573978006652 28.3229131898201 29.5866583620761 28.9547857759481 67.1882382943819 0.160226824233547
37.3759861107505 34.7355848052482 36.0557854579993 30.0125489199095 31.5042779096554 30.7584134147824 71.8453373422492 0.167897322488691
35.3530080491359 32.8123321781661 34.082670113651 28.4477694702676 29.8393476924102 29.1435585813389 68.0379472664477 0.167289627252547
32.3976255706517 29.7797834295785 31.0887045001151 26.6621752968767 27.8606486543173 27.261411975597 63.2859407041392 0.1607238238575
28.14369053678 25.9507003943405 27.0471954655603 23.8302148392 24.8563009781677 24.3432579086838 56.1763325655408 0.153837600050677
24.4526857022119 22.815137771282 23.633911736747 21.4851966662113 22.3742768478495 21.9297367570304 50.2477130598157 0.145652444818036
19.6690536732545 18.3262734415004 18.9976635573775 18.5081028482177 19.0860238167941 18.7970633325059 42.4053341527146 0.127977636788156
20.8352345597265 19.7118687469597 20.2735516533431 18.1874175620176 18.9906466785359 18.5890321202767 42.7125638016263 0.148864651081967
21.0308985288672 19.9493379856707 20.4901182572689 18.953205806444 19.648614667766 19.300910237105 44.0664312820681 0.141563551685575
21.3514477898461 19.8861561816661 20.6188019857561 19.701359790008 20.3425362527567 20.0219480213824 45.3777714628539 0.133200710899678
22.4958904745383 21.0198372912689 21.7578638829036 20.6470698286086 21.4053123127692 21.0261910706889 47.7100277646723 0.134538053142242
25.0170530138657 23.3129152892996 24.1649841515827 21.7750473783923 22.5962316199779 22.1856394991851 50.9612428739613 0.148518682002228
25.6432022567967 23.877469343687 24.7603358002419 22.1394996795569 23.0173531671589 22.5784264233579 51.9458413301144 0.150342374532693
27.3280996140968 25.6924911132365 26.5102953636666 23.1692245730091 24.2181777194795 23.6937011462443 54.7654710191832 0.155696838606072
34.3962314191858 32.1545864274558 33.2754089233208 26.5730508261451 28.0490604249066 27.3110556255258 64.3326547688787 0.177776788473005
