39.13783955364 36.3401020568586 37.7389708052493 29.6253770306761 30.2278161781591 29.9265966044176 71.0097905910589 0.186399367921723
45.4105357601733 42.194162788039 43.8023492741061 32.9186603421636 34.3392658272278 33.6289630846957 80.3294275473385 0.194348861501113
43.318850787136 40.2789545311927 41.7989026591644 31.2523820895446 32.5062422359884 31.8793121627665 76.2524533790859 0.19595512271035
40.9544938708089 37.9371705970281 39.4458322339185 29.7887060151297 30.5321111859809 30.1604086005553 72.1041939149078 0.195345110702185
36.7717826832152 33.5420064375978 35.1568945604065 28.3113956411967 29.2846955098882 28.7980455755424 67.8642653210873 0.17827901103683
35.2514734979601 32.993374248897 34.1224238734285 26.2981288284644 26.8581880815201 26.5781584549922 63.2996508090474 0.190820856084516
33.7704038930218 31.0154948624617 32.3929493777418 25.5219957963296 26.146640699819 25.8343182480743 61.2263556050536 0.184981059246985
28.8282309976499 26.808996218603 27.8186136081264 22.6777038713129 23.2222958846023 22.9499998779576 54.0001805566005 0.176474528186493
30.4660840658619 28.2652992951048 29.3656916804834 23.9246564493469 24.7609311771796 24.3427938132632 57.218021200023 0.175255840372103
31.9755145954582 29.4212441031707 30.6983793493145 24.9574275135362 25.7750754910719 25.366251502304 59.6649275853544 0.1760690691712
34.0596202838805 31.9218598638393 32.9907400738599 26.2499349598722 27.3019512303325 26.7759430951023 63.2233775846503 0.180600387446572
33.5057894151463 31.8756980164343 32.6907437157903 26.4771951386155 27.4375476832368 26.9573714109262 63.4354466312531 0.176588133617914
34.3502226194699 32.0183248182903 33.1842737188801 26.4830200429469 27.4195224822848 26.9512712626159 63.6281807957437 0.18043004680084
35.4123013684286 32.9136684579696 34.1629849131991 27.7312001660911 28.7905893381232 28.2608947521071 66.4573513715516 0.175782860990213
45.5171475443919 42.4815210099352 43.9993342771635 33.07862228097 34.9412992161908 34.0099607485804 81.1270760458071 0.192695819991404
