35.6716329099351 33.1271371992616 34.3993850545983 28.7348275687862 29.760030505176 29.2474290369811 68.3665085124697 0.168760994787363
43.9776745077978 40.3967751173308 42.1872248125643 32.3628702932424 34.0219271784174 33.1923987358299 78.8878583029413 0.188342230562941
40.1973404563646 36.886197750658 38.5417691035113 30.5283574886894 31.7270413583859 31.1276994235376 73.5756607339246 0.181835826233426
36.4584946010159 33.2897129836552 34.8741037923355 28.5454048086311 29.841827163766 29.1936159861986 68.4739920451799 0.172756264204325
35.5893700048446 32.4897617059006 34.0395658553726 27.1170878003071 28.157964173208 27.6375259867576 65.2525500613233 0.180506353799338
29.9283532443469 27.9279441922235 28.9281487182852 24.7162491074395 25.5172614838172 25.1167552956284 58.4375414012694 0.163317887072788
28.3947306991947 26.0881670455232 27.241448872359 22.858419959575 23.7919959132156 23.3252079363953 54.4382330723464 0.166939930842035
25.6912649216384 23.7056429025024 24.6984539120704 21.3569212022507 21.9985720833167 21.6777466427837 50.3133031696173 0.160482775232686
26.6773235262029 24.5647870256749 25.6210552759389 21.9701872776214 22.557725428576 22.2639563530987 51.7904120941271 0.163099928708738
29.6595840341241 27.7325109763304 28.6960475052272 23.0658878683518 23.8027224369602 23.434305152656 55.2603373469267 0.179047916866945
29.7743288157449 27.6791013047385 28.7267150602417 24.1344178650087 25.0761208920492 24.605269378529 57.4214312151622 0.166852317928069
31.6745982162294 29.6862608285273 30.6804295223783 25.0175693430571 26.0379992649926 25.5277843040248 59.9548019957899 0.174304853130892
32.3625938892981 30.2296238898047 31.2961088895514 25.7268932007355 26.7592542942565 26.243073747496 61.5305808204807 0.172320388467294
32.9062409373182 30.5738400742825 31.7400405058004 26.2371271235272 27.4020785373757 26.8196028304515 62.7770798617581 0.170358119369309
41.2001694653089 38.354899434123 39.777534449716 30.5026117146685 32.2528357969811 31.3777237558248 74.5347489096405 0.187701655634027
