36.7947521176946 34.5023677134881 35.6485599155913 25.4395737200548 27.1708432622906 26.3052084911727 63.336802632313 0.203883304205079
39.7371579470068 36.8752970560265 38.3062275015166 27.6450992214347 29.5530533738802 28.5990762976575 68.700240229574 0.201091942875111
36.9054843722098 34.7842567456912 35.8448705589505 26.0281509222834 27.7826759574854 26.9054134398844 64.562540443239 0.199805767480457
33.5273116260697 31.3646072956019 32.4459594608358 23.211332342481 24.6896291741254 23.9504807583032 57.6631343626582 0.203799099996509
29.3914425455955 27.1227228671806 28.257082706388 21.289307397358 22.617976204815 21.9536418010865 52.3131282017663 0.191445334577184
25.9743699751013 23.8301248647373 24.9022474199193 19.1464804280823 20.3030164522084 19.7247484401453 46.8139924595516 0.18668160969476
22.5447080362748 20.9743988444221 21.7595534403484 17.3721735661762 18.3951366021587 17.8836550841675 42.1135837734838 0.177432230024589
21.7579539430651 19.9322961928757 20.8451250679704 16.4058205034297 17.3980626011343 16.901941552282 39.9171057057687 0.180843797805565
21.2030960374342 19.8234445983179 20.513270317876 16.7771251677267 17.5202189912646 17.1486720794957 40.2343264426773 0.173103265843675
24.4723177025151 22.8934185885424 23.6828681455288 18.3712781264449 19.3571761842636 18.8642271553542 44.7192126896427 0.185291406887828
24.4318429629308 22.7856305836816 23.6087367733062 18.9450407015471 20.0027801492907 19.4739104254189 45.8226389120257 0.176513548409218
24.5758311948957 22.8933849643498 23.7346080796227 19.0078585973895 20.0743639460575 19.5411112717235 45.9993225383326 0.176988398937547
26.683562159801 24.7800106772408 25.7317864185209 20.146195138039 21.2157850771628 20.6809901076009 48.9334697760346 0.183054329638938
29.5027019003138 27.5914953550825 28.5470986276981 21.531228950281 22.8148161806476 22.1730225654643 52.8387995252455 0.191510976215413
37.9317695238657 35.374539915461 36.6531547196633 25.8258158478386 27.7786929966967 26.8022544222677 64.6488264062228 0.206033369202548
