32.0686170038581 30.191550364785 31.1300836843216 26.0359451306358 27.3610686599769 26.6985068953064 62.2884349282556 0.16651532560433
35.124997749073 33.11012565421 34.1175617016415 26.9384775947669 28.316357124609 27.6274173596879 65.2655359318937 0.181173308423769
31.4575606627429 29.974368891659 30.715964777201 24.5919245804143 25.7529498442861 25.1724372123502 59.3141969627884 0.178157610691892
27.1753881181598 25.3397543943133 26.2575712562365 22.8425545326943 23.8732232229405 23.3578888778174 54.0473936450292 0.156940893240508
25.0769783111363 23.4778548952431 24.2774166031897 20.7604505801004 21.7103706057 21.2354105929002 49.3247962953571 0.161380800233933
20.2781764682314 19.0309094275729 19.6545429479022 18.0145201568139 18.7428379851763 18.3786790709951 42.0341844172106 0.143558366051133
16.6799191121851 15.7558238517176 16.2178714819513 15.7435666170848 16.2531774008231 15.998372008954 36.1185479132531 0.128819479039435
15.7335700738396 14.6962289448379 15.2148995093387 15.0083707194212 15.393950743291 15.2011607313561 34.2103344732595 0.125254020987107
17.1289485950285 16.1980069355875 16.663477765308 16.2289076067466 16.71249447397 16.4707010403583 37.1665706544663 0.128263167529929
19.1263117501596 17.9139365861195 18.5201241681396 17.4160227656661 17.9246133100161 17.6703180378411 40.2195901138244 0.1380550714394
19.3724736421472 18.0999907288489 18.7362321854981 17.6680004513881 18.2734516555898 17.9707260534889 40.8513999745464 0.136609613127326
20.549706165973 18.9300099627428 19.7398580643579 18.4252517799229 19.1491698534798 18.7872108167014 42.7874559130138 0.138738909422806
21.6646901593153 20.2110081900953 20.9378491747053 19.5046211460804 20.1646615400528 19.8346413430666 45.2236475004433 0.140016769606265
24.4021541803515 23.045638439268 23.7238963098097 20.4779482384097 21.3347422957277 20.9063452670687 48.4786599209016 0.159424550336503
30.8728120414101 29.079909402686 29.976360722048 23.6060405345754 24.8830790649201 24.2445597997477 57.2888183149534 0.181477799311282
