33.3564245426668 31.2301248258482 32.2932746842575 27.9377498415724 29.1445263840282 28.5411381128003 66.1387153524715 0.15865588630485
36.1442880032557 33.5151120097913 34.8297000065235 29.770452151799 31.0778955560291 30.424173853914 70.6897354180776 0.161736317927719
33.7225799482088 31.3156582336694 32.5191190909391 28.202657019263 29.3655301518573 28.7840935855602 66.6788314354989 0.158258314393282
31.1114977064887 28.7942729278948 29.9528853171918 25.8074967889968 26.9032166624445 26.3553567257207 61.1352334698338 0.159825573716685
25.6106071608168 23.8499713914576 24.7302892761372 22.9286321723382 23.7458614618905 23.3372468171143 53.2588146622285 0.141068933272183
22.7121663201869 21.5153709017037 22.1137686109453 20.5611264000605 21.2445793459339 20.9028528729972 47.6841971702192 0.140614572085965
18.1591855382581 17.1290554903731 17.6441205143156 17.8770360700785 18.3077969956471 18.0924165328628 40.450995795336 0.117899196104108
18.029246742735 17.1904876770641 17.6098672098996 17.8245707036244 18.2127823796348 18.0186765416296 40.3080863004201 0.118508515519826
17.2190344462522 16.3537922781604 16.7864133622063 18.4835615326166 18.7908025330008 18.6371820328087 40.8088258360847 0.0948228590632755
21.2407314607966 20.21580990338 20.7282706820883 19.5839541014113 20.2194407848845 19.9016974431479 45.2297212758231 0.136328230419249
21.1127600132983 20.0166941082895 20.5647270607939 20.3875896461685 20.9417887859594 20.6646892160639 46.4391172828974 0.123634543867167
23.4133052509816 21.8932542684415 22.6532797597116 21.205515682817 21.8658972615616 21.5357064721893 49.060424348246 0.139048408084533
23.5059701084127 21.987518759335 22.7467444338739 21.9544156608531 22.6050120437102 22.2797138522817 50.3879946567395 0.130804349436903
25.5681591700449 23.7126595181882 24.6404093441165 22.9581356831015 23.8421576287285 23.400146655915 53.3213052882687 0.139336989471183
32.7363642953821 30.517315730148 31.6268400127651 27.223336766139 28.5144990127716 27.8689178894553 64.6247543018267 0.159441399163163
