31.3921401077469 29.4091006867179 30.4006203972324 25.3429830416207 26.5717905849232 25.9573868132719 60.6190811913407 0.167665328320847
34.5148102022293 32.6978540611237 33.6063321316765 27.1154336566212 28.5838386633114 27.8496361599663 65.4651948620288 0.175333036417449
32.2603467409772 30.3314349041115 31.2958908225444 25.6322358102394 26.9757742989538 26.3040050545966 61.6420835967491 0.171724295764177
28.4703701262117 26.839252687982 27.6548114070969 23.2707143221443 24.3755177034973 23.8231160128208 55.5253305387794 0.165366665487787
23.2817101299938 22.0201707373088 22.6509404336513 20.3017641546604 21.0381750281037 20.669969591382 47.5470046405682 0.150146942170444
19.7389893588551 18.5224439625454 19.1307166607003 18.1172102679908 18.7080704152295 18.4126403416101 41.8208801134945 0.135656791681987
18.0968462465235 17.1370021965893 17.6169242215564 16.4266229663175 16.9942561527015 16.7104395595095 38.0884524887286 0.139660400706017
16.5013714906679 15.7257730838433 16.1135722872556 15.3238077821427 15.7053418967762 15.5145748394594 35.2352475212605 0.135553113310072
16.4701908988679 15.5555101115772 16.0128505052226 16.1827872272991 16.6131769376472 16.3979820824731 36.6749387203819 0.118275972492423
18.1841500574047 17.1803914027641 17.6822707300844 16.5734393167102 17.1184155469574 16.8459274318338 38.3568917234742 0.138461859066039
18.8327241549812 17.8031932558753 18.3179587054282 17.4277383720331 18.0155313632021 17.7216348676176 40.2008536538038 0.134230954257556
19.4453560192088 18.467375613264 18.9563658162364 18.0538373768678 18.653961446766 18.3538994118169 41.6270185093682 0.134010206097327
21.379850390785 20.0548694799005 20.7173599353427 19.0203708221335 19.7417096937588 19.3810402579462 44.3220605279385 0.143438637401481
25.2814289102942 23.9321116258731 24.6067702680837 20.6236679129923 21.6810995844788 21.1523837487356 49.3239309445289 0.165918969947709
29.5238811707219 27.8599510069426 28.6919160888323 23.0860661846425 24.3287451563061 23.7074056704743 55.7635468474982 0.176078640206239
