33.6163751882921 31.6531825543244 32.6347788713082 25.9220905724471 27.3092775321782 26.6156840523127 62.7800463746798 0.17938066613818
33.8960227717601 31.9087535104367 32.9023881410984 26.1143279719041 27.519404980349 26.8168664761265 63.2631894373486 0.179541045439969
32.0747141523624 29.8177619158317 30.946238034097 24.5811050843266 25.9796704110395 25.2803877476831 59.6092923263976 0.178963173376576
28.6717146369339 26.9010386932321 27.786376665083 22.7631938728285 23.8584708924933 23.3108323826609 54.6499875944298 0.172201547703626
24.141391066649 22.8824164947994 23.5119037807242 19.991346798218 20.8288975769107 20.4101221875643 47.4890084967922 0.163369039645603
21.593009794365 20.3741106705263 20.9835602324456 18.0779011523324 18.8900119485617 18.4839565504471 42.8654569906237 0.159531425905318
18.7064102848982 17.3709346922168 18.0386724885575 15.7012457612386 16.3466707320856 16.0239582466621 37.0895254327731 0.157314717806977
16.6050119732286 15.7297957194648 16.1674038463467 15.0567246112861 15.5256865657844 15.2912055885352 34.8777658355676 0.140451798703096
18.4174986231953 17.4538067218241 17.9356526725097 16.3659045774733 17.029980723331 16.6979426504022 38.2299169557427 0.144749319007328
18.566610684495 17.1536546243274 17.8601326544112 16.881209452267 17.6000276295843 17.2406185409257 39.1307233990711 0.134841053010447
18.9472803471409 17.6472857010165 18.2972830240787 17.3217830784987 17.9734951599544 17.6476391192266 40.0627947824928 0.135075193679746
20.2449696998946 18.5086814346203 19.3768255672574 17.9432999032281 18.6104963416434 18.2768981224358 41.7150099554385 0.141195012304391
22.5968523858845 20.9351131310213 21.7659827584529 19.0319092635989 19.8647457250378 19.4483274943183 44.9554580858866 0.155766687367333
24.5305551434277 22.8392688018851 23.6849119726564 20.0197419076597 20.9606155908929 20.4901787492763 47.7118006576526 0.164260235146503
32.107624472156 30.1182101645189 31.1129173183374 24.507703206584 25.9188495900866 25.2132763983353 59.5529857499295 0.180984668733126
