32.3956612647493 30.4393394333126 31.417500349031 26.9674118389531 28.3201869877485 27.6437994133508 64.1241093448437 0.159828075475661
34.023693552074 31.9673825530161 32.9955380525451 28.1761001474948 29.5084081104165 28.8422541289557 67.0035756203018 0.16155234124081
31.5962768214298 29.4478546288547 30.5220657251422 26.0537510037665 27.2975379195497 26.6756444616581 61.9726643311605 0.161596384676594
27.9663515681457 25.9828605392756 26.9746060537107 24.5009175370159 25.4981143031642 24.9995159200901 57.2977511890557 0.145977213562966
24.9030503872439 23.2771351729683 24.0900927801061 21.8223602289006 22.7685214371816 22.2954408330411 51.1167597140605 0.146350056427392
20.7593346359143 19.4668169653777 20.113075800646 19.1564347037898 19.8562450848273 19.5063398943085 44.222773480783 0.133548726219167
18.6692646758201 17.8817258777288 18.2754952767744 17.4535696580384 17.9352510393095 17.6944103486739 40.1314265007023 0.13401423697936
17.1623061045896 15.8546606563595 16.5084833804746 16.2803521901788 16.7443804153302 16.5123663027545 37.1506396521423 0.124933851726176
17.6796853705532 16.5400190422172 17.1098522063852 16.7414146332641 17.3067771069898 17.0240958701269 38.3522720893061 0.126411422429924
19.7391253026416 18.5592104692624 19.149167885952 18.0624249878618 18.6460464274546 18.3542357076582 41.7301119385347 0.136797865168611
20.0610525766911 19.0242262454067 19.5426394110489 18.6838820223319 19.2785101421953 18.9811960822636 43.0166490763821 0.133138525358201
22.025324203836 20.7835046592432 21.4044144315396 19.9299209335549 20.6483611645105 20.2891410490327 46.2530694443625 0.139847895299827
23.2215582320661 21.7679089162896 22.4947335741779 20.408795878701 21.2148286391401 20.8118122589206 47.7190917842127 0.146442491180911
24.7985143686885 23.3854157368254 24.091965052757 21.4584428869444 22.3667887281517 21.9126158075481 50.4441754045107 0.151030434877028
30.9737782128702 29.3702043868534 30.1719912998618 24.7017878596669 26.0083541217959 25.3550709907314 59.4205121613857 0.171767812898394
