37.2635511226871 34.4200507396724 35.8418009311797 28.6312359842163 30.1773607751176 29.4042983796669 69.2700487924624 0.177889842805478
41.6061289699032 38.0375490810611 39.8218390254821 30.8600951385444 32.9245544326657 31.892324785605 75.5170599238874 0.183937835067655
38.5992043107494 35.6962137894967 37.1477090501231 28.6921926882376 30.4802150900981 29.5862038891678 70.1381561753191 0.185318610627813
34.0071423681837 31.2081501430698 32.6076462556267 26.5530346970398 27.9059030557712 27.2294688764055 63.9012087032209 0.173383311170488
31.7450575934419 28.8424376923068 30.2937476428744 24.7871579254581 26.1424805170728 25.4648192212655 59.6738998901352 0.171692981042291
27.1865416558466 25.2361234230853 26.2113325394659 22.0221887589516 23.149819426957 22.5860040929543 52.6386414352917 0.165293365277311
23.9523187807869 22.0690933102854 23.0107060455361 20.3615896248085 21.0637285558774 20.7126590903429 47.79683364633 0.153807278868769
23.4108439019896 21.599812499252 22.5053282006208 19.5280740969981 20.2899897339706 19.9090319154843 46.1256267069889 0.158409582715938
25.5579276317841 23.4569274551246 24.5074275434543 20.7401046584693 21.6171925603185 21.1786486093939 49.3269464746923 0.164544239447202
27.6549832157011 26.1663862109117 26.9106847133064 21.7725726813663 22.8777726310591 22.3251726562127 52.4666858481405 0.175056664870629
28.3222647625978 26.7996495504069 27.5609571565024 22.6115037288563 23.7217472357826 23.1666254823194 54.2888678443673 0.171704266678809
29.9685323266748 28.0959720672102 29.0322521969425 23.4347370930951 24.7152483185659 24.0749927058305 56.5841715964265 0.175164875184425
30.0290856086602 27.8722740255138 28.950679817087 24.1070175341061 25.3600757768116 24.7335466554588 57.7536681440655 0.167516914346754
33.8323191618449 31.3154045382556 32.5738618500502 25.3268619266743 26.8651807269506 26.0960213268125 61.7879309315208 0.183857304485654
43.6692803840848 40.9003077105381 42.2847940473115 31.0776975104368 33.2514370521455 32.1645672812911 76.9760394744803 0.196596845238056
