35.1332893295933 32.4143542223208 33.7738217759571 27.3319906727422 28.8175489976132 28.0747698351777 65.95037672136 0.174548840623515
38.8295798783987 35.7259007166771 37.2777402975379 29.0181285983935 30.7405860686456 29.8793573335196 70.7383524589483 0.183732830484808
33.8881400669925 31.1564474882262 32.5222937776093 26.516359818858 27.8786441092522 27.1975019640551 63.8060809476853 0.173013628825416
31.5445263906265 29.3093080970566 30.4269172438416 24.70080198896 25.9726450438375 25.3367235163987 59.4959331114105 0.174104715491388
26.707152664403 24.956070315279 25.831611489841 22.1352258174789 23.2095463039285 22.6723860607037 52.6217897083356 0.160481952967907
24.4572079783016 22.7197848822829 23.5884964302923 20.0481094212686 20.9615394256076 20.5048244234381 47.6946076143662 0.163009412551924
19.4097006571654 18.3388658611034 18.8742832591344 16.5948732316284 17.2260388248553 16.9104560282419 39.0646741988723 0.155044965482627
17.445707096194 16.6232821513326 17.0344946237633 15.7341439248579 16.271716889517 16.0029304071874 36.5600891397665 0.142293574036485
19.0475277658499 17.7394660510958 18.3934969084728 16.6827670933721 17.2013649013233 16.9420659973477 38.8867876341233 0.147640070585577
18.609477538657 17.6551423499057 18.1323099442813 17.0832543295075 17.6752793751551 17.3792668523313 39.5136049208273 0.136802986471401
19.3343344621624 18.300978577631 18.8176565198967 17.8626187890398 18.4082285633 18.1354236761699 41.1779290179436 0.135289964911372
22.626932620695 21.1900243743566 21.9084784975258 19.224672696132 20.0347460786646 19.6297093873983 45.3459905630889 0.155034689209401
23.1196774152453 21.6786665921128 22.399172003679 19.7274982391077 20.5437628921056 20.1356305656067 46.479409377649 0.154158277442764
25.6154573083714 23.8056419591322 24.7105496337518 20.7753041821947 21.8991457107108 21.3372249464527 49.7051113469957 0.164751074043937
31.6237270923605 29.2659477275483 30.4448374099544 23.7140881368627 25.0460506179421 24.3800693774024 57.7301939077864 0.183962871764751
