32.731949542414 30.1241532171659 31.4280513797899 27.310259324196 28.4972032710669 27.9037312976315 64.5942851041292 0.15744888049456
37.8304072073118 35.183038776996 36.5067229921539 29.4170169562761 30.8370597778415 30.1270383670588 70.8825846678928 0.176394835169004
36.6290347425134 33.9688525738054 35.2989436581594 27.8256605041336 29.2429063694552 28.5342834367944 67.4328306356141 0.181610724253562
31.8096913436075 29.6361589380693 30.7229251408384 25.5711224919124 26.7368005775139 26.1539615347132 61.118733451208 0.168441220082231
29.3639094320982 26.8185539868116 28.0912317094549 24.0138256295143 25.021131749276 24.5174786893952 56.9764564131113 0.161955866974117
25.2927880832028 23.4144374314031 24.353612757303 21.2787409136888 22.2215265037741 21.7501337087315 50.2816172460663 0.155892141156838
21.0898149935657 19.7815430515452 20.4356790225554 19.6361771017048 20.1150287599063 19.8756029308055 45.0286289893029 0.132761334236365
23.0755253683854 21.3464754387969 22.2110004035912 19.1959005177055 19.9828533121175 19.5893769149115 45.4162482199302 0.159206043591902
24.4028574300505 22.755658638299 23.5792580341747 20.2679333529212 21.2466267750608 20.757280063991 48.1443658848652 0.15969832599562
23.9151976779459 22.4023071658262 23.158752421886 20.930641774166 21.6718761898205 21.3012589819933 48.9085340827553 0.148019798362608
26.6276386107492 24.8737757456553 25.7507071782023 21.8968848505324 22.8535702793423 22.3752275649373 52.0499786906083 0.163116185959428
26.804822754995 24.8203742585136 25.8125985067543 22.4042367298984 23.3965207782781 22.9003787540883 53.0213408840839 0.157652051379678
27.9919864662952 26.0360208202348 27.014003643265 23.0640912202564 24.090060259288 23.5770757397722 54.7911578265873 0.161958302872989
29.7947622958715 27.5297788171387 28.6622705565051 24.2577187887655 25.3928524266076 24.8252856076866 57.7909960367455 0.163954303487485
40.8636844980085 38.0318961523001 39.4477903251543 30.8199319289997 32.6486764905816 31.7343042097907 75.072015830036 0.182821204046987
