31.7831691926913 30.0104783970652 30.8968237948783 25.8647028223333 27.0298581287468 26.44728047554 61.7288186786469 0.167016373115136
37.6988497305059 35.5470327011324 36.6229412158192 28.0608912110253 29.7804079906815 28.9206496008534 68.6826819728869 0.187433251341286
34.5608828821946 32.4339953546142 33.4974391184044 26.0566496371322 27.5057913746985 26.7812205059153 63.4375445705832 0.184366197137495
31.2066258962658 29.5836306424372 30.3951282693515 24.2830328528554 25.5146691637794 24.8988510083174 58.674925871846 0.178265733070289
29.8406558777975 27.6327282295128 28.7366920536551 22.8963593503511 24.1863927636037 23.5413760569774 55.4754524461997 0.178254242911119
21.3012675561115 19.7636655440836 20.5324665500976 18.4586625270615 19.0778153386788 18.7682389328701 43.155560062546 0.149696575605843
21.7117180590322 20.206807468073 20.9592627635526 17.7832251577914 18.6341145462069 18.2086698519991 42.3592637130926 0.163161945858501
20.0674162497802 18.7601540702447 19.4137851600125 16.9816453534992 17.7133915528909 17.3475184531951 40.0988771107298 0.155752542328159
21.380574682117 19.6909177507836 20.5357462164503 18.1404695532361 18.9209042484749 18.5306869008555 42.7372349258845 0.153147618178998
22.6269408678696 20.9016709860135 21.7643059269415 18.8355819876931 19.740435705438 19.2880088465655 44.6685946580819 0.157936908195575
21.8002682479207 20.4928645004496 21.1465663741851 19.1233682193455 19.9278479522343 19.5256080857899 44.7909642172523 0.146980007497172
23.182016218962 21.7558701046292 22.4689431617956 19.7881095721457 20.6160676697383 20.202088620942 46.630826142646 0.154109038367135
25.1125598524562 23.533257146714 24.3229084995851 20.8142536810574 21.7790682377808 21.2966609594191 49.4558055499221 0.161116422056969
28.4925629937039 26.9143651231438 27.7034640584238 22.3832704764796 23.5899810493407 22.9866257629102 54.0192604580496 0.175015006883084
34.4105413718881 32.4779122955709 33.4442268337295 25.2876325692967 26.9528445393537 26.1202385543252 62.1744496464038 0.190158533910258
