35.4095206252963 33.2275111819208 34.3185159036086 28.3390289815728 29.8088840638545 29.0739565227137 68.0149138321841 0.169687960753608
37.7604845927389 35.3714210023699 36.5659527975544 29.5213841421221 31.1577662340557 30.3395751880889 71.29921630756 0.175020017016446
35.1612526168462 33.0587356472734 34.1099941320598 27.9732320059023 29.4413632940582 28.7072976499802 67.2545384518713 0.171384002630385
31.8226930221656 29.9946504783268 30.9086717502462 25.549771355671 26.7391659841843 26.1444686699277 61.1827003807301 0.170088808328023
25.4775697661651 23.6847871289235 24.5811784475443 22.0039197426658 22.8861223109204 22.4450210267931 51.6228311504702 0.149984022934239
23.8703996056674 22.4245862373531 23.1474929215102 20.7982461769168 21.5220256820565 21.1601359294866 48.6546319297886 0.149676733928455
19.6606952548698 18.5433309140665 19.1020130844682 17.7159577631008 18.2741699760797 17.9950638695903 41.0840928104554 0.141537843605074
20.322157987587 19.0882716973914 19.7052148424892 18.2048259703352 18.8214123741252 18.5131191722302 42.2941801436083 0.1422759112103
20.9463313220862 19.7878197528036 20.3670755374449 19.0608346704279 19.7595238701465 19.4101792702872 44.191965691504 0.13837087942697
22.9585041127093 21.6485921562086 22.3035481344589 20.2328559642127 21.0459972493293 20.639426606771 47.3214008318227 0.146383611652718
22.582693431006 21.3080053292056 21.9453493801058 20.5375887652643 21.3171278811156 20.9273583231899 47.6390206254071 0.138199573249952
23.7516812922844 22.631136302554 23.1914087974192 20.9489053240408 21.7386840235402 21.3437946737905 48.9994607876052 0.147861979008235
26.4459143216635 25.0140875784385 25.730000950051 22.5815547572174 23.500721883018 23.0411383201177 53.2333218549102 0.155179946305672
27.7744902497903 26.0366762825579 26.9055832661741 23.0676522867098 24.1431515831762 23.605401934943 54.7923319318902 0.160588836464193
37.1744595991621 34.4132833970467 35.7938714981044 28.7440255454611 30.4587637655488 29.6013946555049 69.6140105795523 0.17585693832514
