39.5213027803111 36.5571605514875 38.0392316658993 29.3164597198207 30.7868328553685 30.0516462875946 71.3624250756622 0.187329712201505
42.5576768261871 39.7127005288671 41.1351886775271 31.0925791512254 32.7247702253529 31.9086746882891 76.0595044533225 0.191831143040819
37.6514595223389 34.8612958298941 36.2563776761165 28.6140934786162 29.8742533581216 29.2441734183689 69.14253713807 0.182159197131558
37.5545531725843 34.9103550929944 36.2324541327893 27.7369680007506 29.0373091583643 28.3871385795575 67.5263884893536 0.189383500209167
33.2147861609943 30.0047857111681 31.6097859360812 25.3456455230363 26.3428795015021 25.8442625122692 60.9278517680194 0.178750056015233
27.6653865705089 24.7564897188593 26.2109381446841 23.0292736520545 23.6994868402737 23.3643802461641 54.0369854883746 0.15639672268316
25.5043228437317 23.3761101222348 24.4402164829832 21.2691640368767 22.1646552919128 21.7169096643947 50.2632202091356 0.157236940842075
25.8921805329141 23.5137382720413 24.7029594024777 21.1928050488617 21.9345219526293 21.5636635007455 50.1102683241311 0.161914540226402
28.1430499122902 25.8355024458202 26.9892761790552 22.1065102445203 23.1365999594894 22.6215551020048 53.0445726308167 0.172434264391392
27.6046746929997 25.3183764172915 26.4615255551456 22.2699436524241 23.1114634850046 22.6907035687143 52.9401014499683 0.166559275908957
28.7395480804876 26.3998553999342 27.5697017402109 23.2560041084694 24.2172609305791 23.7366325195242 55.3306035071102 0.165510808274907
31.563134669525 28.4339066893908 29.9985206794579 24.5811605877181 25.7791584079814 25.1801594978498 59.0255283665538 0.172064227226085
31.6736480043448 28.8611003392924 30.2673741718186 24.7549456225366 25.8948067016362 25.3248761620864 59.4061467396701 0.172881287937084
32.5439522359465 29.9015602097456 31.2227562228461 25.5807266658283 26.770919645601 26.1758231557147 61.3758425296052 0.172376550767718
42.3076847307305 38.8057929389359 40.5567388348332 31.0273996829423 32.913227047234 31.9703133650882 75.9532973262079 0.187872268545692
