35.0972186588764 32.0838069437359 33.5905128013061 27.5782986301129 29.1048617895424 28.3415802098277 66.3609864560653 0.170735470018958
37.3968915040782 34.6476038526538 36.022247678366 28.6420348669359 30.2338420284959 29.4379384477159 69.4069924472344 0.178869786865454
35.5854251056352 32.6417395655061 34.1135823355707 27.3606423620604 28.7845766821378 28.0726095220991 66.0892083155146 0.177111950769814
31.0173438541831 28.3967771553285 29.7070605047558 24.8262136669439 26.0528480093609 25.4395308381524 59.3711665782138 0.166907655568339
26.6982037878486 24.7189629112028 25.7085833495257 22.1669020168694 23.0950774599744 22.6309897384219 52.490650605993 0.159707357316252
23.0366353936322 20.9528196895588 21.9947275415955 19.9708027617343 20.6978005246908 20.3343016432125 46.6322694803385 0.146640546072163
23.76990840626 21.7238169981214 22.7468627021907 18.6267377354127 19.4002223162072 19.0134800258099 44.6107930559275 0.173135927651603
19.5674414406657 18.0992220781336 18.8333317593996 16.8690270384567 17.5715860363206 17.2203065373887 39.593458548994 0.14961538178861
23.4699639439817 21.9149047389199 22.6924343414508 18.720418877106 19.6609770186182 19.1906979478621 44.911683946836 0.170142015388224
23.083634488838 21.3998037961044 22.2417191424712 19.1207193010595 19.9972997192637 19.5590095101616 45.376041805005 0.159978008636646
25.7568351927728 23.9735762578319 24.8652057253024 20.5316773054088 21.6262954101471 21.0789863577779 49.3046202040658 0.169520663071944
25.4230371658504 23.6301489323146 24.5265930490825 20.6053578605158 21.5619302539802 21.083644057248 49.1635466213886 0.165916728813478
27.8493141570651 25.9887531397212 26.9190336483931 21.8316329378447 23.0140273767923 22.4228301573185 52.6498536820794 0.174023379579835
29.0965520419136 27.4921389410957 28.2943454915047 22.6894329790078 23.900681078379 23.2950570286934 54.8361071472527 0.176990188942422
36.5610281809507 34.1887313964097 35.3748797886802 26.6008102785106 28.2343374413076 27.4175738599091 65.3654017232335 0.192034752185221
