32.6733368435186 30.9293832603754 31.801360051947 26.8472470729059 28.1386993560397 27.4929732144728 64.0277797150879 0.164438986202164
35.1333630205533 33.1673311710723 34.1503470958128 28.0284140464888 29.4203441551451 28.7243791008169 67.3032159646269 0.17153473933076
32.7030284684568 30.7741550852215 31.7385917768392 26.427991573897 27.6939883221043 27.0609899480006 63.21642054992 0.168035993350471
28.3883805323907 27.0950008450072 27.7416906886989 24.3257320055002 25.346573497098 24.8361527512991 57.3838749115874 0.155248872202757
25.0158723163165 23.3486595857098 24.1822659510132 21.4017035038918 22.310518668428 21.8561110861599 50.3879877422768 0.152720800686824
21.2258435341418 19.8077357262278 20.5167896301848 19.2887786046996 20.0332049615427 19.6609917831212 44.7033993877238 0.136855146496254
18.8333212890459 17.793527977748 18.3134246333969 16.61187688955 17.3408174875329 16.9763471885414 38.9069376554454 0.145916056715269
15.9789985607459 15.1772326180205 15.5781155893832 16.3426012814445 16.7398113734438 16.5412063274442 36.651238969136 0.107876845364247
19.5487449392736 18.0839338305193 18.8163393848965 17.6334909650946 18.18285756837 17.9081742667323 40.7855173674718 0.138740241188025
19.8578945173824 18.3482993604617 19.1030969389221 18.2724110049253 18.8874967732024 18.5799538890639 42.0930786009787 0.132755195527005
20.1801355722956 18.9138853091713 19.5470104407335 18.7636019208984 19.4255373688777 19.094569644888 43.2128359220076 0.131547783628015
20.5825710644872 19.3983691454388 19.990470104963 19.5349155030197 20.1336004850629 19.8342579940413 44.7144338111725 0.127202081988796
22.6282246384593 21.4128067188639 22.0205156786616 20.4127026465512 21.1264534551356 20.7695780508434 47.4047914023223 0.141207377595168
25.0167938286456 23.401467790915 24.2091308097803 21.4033670975391 22.3309397304301 21.8671534139846 50.4205079183066 0.152882292536107
30.6505008387625 28.9123539610518 29.7814273999072 24.8505175469528 26.2032580082202 25.5268877775865 59.562764070354 0.16666717441858
