29.3439340552808 27.7925032187568 28.5682186370188 21.8365585562166 23.1731281360082 22.5048433461124 53.4732126629727 0.1880378779044
30.3144746439852 28.4826191510974 29.3985468975413 23.5029788537847 24.8064289779818 24.1547039158832 56.8847277244749 0.177508280013933
27.6214724688983 26.1594185194715 26.8904454941849 22.6440689349535 23.7858776863376 23.2149733106455 54.0817050996798 0.16480222432304
24.4440658032858 23.2443625770025 23.8442141901442 20.3254258906692 21.2146304471251 20.7700281688971 48.2890144764945 0.162468680442302
20.966886292355 19.5797362398745 20.2733112661147 18.5812995745668 19.3562280510896 18.9687638128282 43.377533179753 0.143393781686967
16.8980552593944 15.777457735798 16.3377564975962 16.0790919663765 16.334349882099 16.2067209242378 36.538385325186 0.127260273561612
12.7893462833058 12.118868088401 12.4541071858534 13.7083123398655 13.8914538907422 13.7998831153038 30.2330015120044 0.0954078835086888
12.9320104567699 12.6554557409299 12.7937330988499 12.8632140853116 13.1399177278002 13.0015659065559 29.1351987531757 0.120449604400521
13.3319783751348 12.4111833638035 12.8715808694692 13.3858610034944 13.7695781514676 13.577719577481 30.1365441331098 0.109779295452973
15.1869082990637 14.385896665077 14.7864024820704 14.7236659129145 15.1963196127651 14.9599927628398 33.5614819496188 0.121707827058063
15.9619226364391 15.0261371393845 15.4940298879118 15.7745190665736 16.2151391457183 15.9948291061459 35.6998918307609 0.115982283832074
18.4311211680426 17.338563003956 17.8848420859993 16.5474208739021 17.0966071063494 16.8220139901258 38.4203248982405 0.141965668343652
20.2157383078704 18.9952965921047 19.6055174499876 17.4858818769195 18.1660553685874 17.8259686227535 41.0396997664866 0.151121171449345
20.9618048861481 20.0385026847668 20.5001537854574 17.7806182359348 18.4711811912783 18.1258997136066 41.9993271037384 0.158544617573127
27.4662099598249 25.4262627187933 26.4462363393091 21.3959086735474 22.472075113016 21.9339918932817 51.5503561600985 0.17512481109032
