35.6544753294296 32.6725609645471 34.1635181469884 26.0558558344933 27.5458983895191 26.8008771120062 63.7359348965433 0.189064347225991
41.2840449068278 39.0343483141962 40.159196610512 28.960043656251 30.8310836833588 29.8955636698049 71.8561533171785 0.201786226726252
36.1041883706846 33.6393005290016 34.8717444498431 26.2606723470258 27.6761360004729 26.9684041737493 64.3234816001059 0.192571150774978
34.3674930886177 31.3188620889196 32.8431775887687 25.2034805951413 26.8086597025931 26.0060701488672 61.726105969897 0.186763429010163
28.912496630794 26.7816096494431 27.8470531401186 21.4909962284397 22.6801672419728 22.0855817352062 52.4030681373058 0.186363772654697
27.6292514465937 25.3144376349339 26.4718445407638 21.189137225382 22.2900651264316 21.7396011759068 51.2024040568384 0.177629792803746
22.3653097131787 20.6020480139094 21.483678863544 17.8252218759589 18.7398976695099 18.2825597727344 42.727379710693 0.168528374632043
22.8409544741482 20.9389979892809 21.8899762317145 18.0707391414888 19.0046924491723 18.5377157953305 43.370307356878 0.169785636906856
24.4280873600669 22.5476685165621 23.4878779383145 19.0917782193182 20.0743564895562 19.5830673544372 45.9726142918044 0.173784817764715
25.2229881082532 23.1055789571528 24.164283532703 20.1604709917136 21.2221394805201 20.6913052361168 48.2905603125319 0.166928808054131
26.4415649361698 24.6236615302663 25.5326132332181 20.8336712168233 21.906764087284 21.3702176520537 50.1259048196344 0.172798181931882
27.3257754785803 25.2590956431055 26.2924355608429 21.3183280877524 22.3736657942248 21.8459969409886 51.3233781610479 0.174663218613574
29.1210755696025 27.1136002858299 28.1173379277162 22.5131901065699 23.6361233262205 23.0746567163952 54.3550429050407 0.177808267596455
31.3808693908763 29.1769271342634 30.2788982625699 23.1692373112685 24.4668896252283 23.8180634682484 56.6104938323521 0.188394134305228
38.327963647531 35.6853877196745 37.0066756836028 26.9178988732683 28.6534089453056 27.7856539092869 66.6708457599857 0.199735049922688
