35.2963057710598 32.826625630697 34.0614657008784 28.478404084096 29.7127888864242 29.0955964852601 67.9414106582191 0.167554868528617
36.9047936777756 34.5314625768499 35.7181281273128 29.6032094019778 30.9850735586072 30.2941414802925 70.8516164943189 0.169394692046491
34.5217381675915 32.1746471641303 33.3481926658609 27.4020894620008 28.6020693998831 28.0020794309419 65.635205384892 0.171970202190878
30.2649978339467 28.0896179590716 29.1773078965091 25.3644850073594 26.3163842149663 25.8404346111628 59.8522334118568 0.158111972814909
29.2129458792575 26.9131429061114 28.0630443926844 23.8139231374308 24.7452414582999 24.2795822978653 56.5345587051678 0.164240760232073
23.1201156634937 21.4354279052773 22.2777717843855 21.3280388345595 21.9681999607927 21.6481193976761 49.0548868668992 0.133005735180977
21.1140248120155 19.8297393699247 20.4718820909701 18.5264123510454 19.0537155156124 18.7900639333289 43.1641556570218 0.148589909278045
21.07519559369 19.3883550267834 20.2317753102367 18.2405159136608 18.8586733183463 18.5495946160035 42.6225561209514 0.148881067303194
21.4880410044477 20.1877464521297 20.8378937282887 19.5354677625102 20.1125432496254 19.8240055060678 45.1532564182353 0.138853003355317
22.6956114762828 21.4108225603167 22.0532170182997 19.9702557146683 20.7222391658527 20.3462474402605 46.6823877102296 0.147198957628324
23.26741075092 21.9113323732508 22.5893715620854 20.7295022136322 21.4746568508229 21.1020795322275 48.2742777294751 0.14382749945923
24.6515014700553 23.091795285358 23.8716483777066 21.295423730429 22.1703758853701 21.7328998078995 50.0193795039309 0.150775551032306
25.8266056951037 24.2504735918468 25.0385396434753 22.2999197474187 23.2341795625495 22.7670496549841 52.4146220399056 0.151107034820192
28.8119109405751 27.1306385655617 27.9712747530684 23.7329131425177 24.7928875016379 24.2629003220778 56.4629617376414 0.163565793621618
35.4444222992592 33.5758012865649 34.510111792912 27.1563903315101 28.6250490987428 27.8907197151265 65.9149075617843 0.181663797762011
