37.4672790544113 34.5451616132075 36.0062203338094 27.871382035034 29.454445289155 28.6629136620945 67.9564065998124 0.185441358142211
41.2963001918181 38.1483378705084 39.7223190311633 29.5833334788121 31.3598564780024 30.4715949784072 72.7995667109374 0.194548016973262
38.7449893275517 35.8412072521407 37.2930982898462 27.9489541645476 29.7085803088023 28.8287672366749 68.7666812146683 0.192674675439917
33.1355134858146 30.2287049142647 31.6821092000396 25.0874516282134 26.4315615892246 25.759506608719 60.8003707763963 0.180154024297514
29.0862217540602 26.5764061644462 27.8313139592532 22.9681931385983 23.9005180089171 23.4343555737577 54.8954795555004 0.171260702747327
24.6782056646073 22.8180850986692 23.7481453816383 20.576032324527 21.2254437224011 20.9007380234641 48.4798463598306 0.159763983104448
24.3255996599976 22.6618441769476 23.4937219184726 19.8919052602032 20.6447758681544 20.2683405641788 47.2245964356061 0.164984283890225
22.0973155403986 20.2498726833733 21.173594111886 18.2544421544273 19.1159363558278 18.6851892551275 43.3142927432502 0.159054161877543
24.2446800684785 22.5938302823187 23.4192551753986 19.4952284650137 20.2945434704343 19.894885967724 46.5134483676842 0.168980019366389
23.7603161842983 22.3884434453825 23.0743798148404 19.8754981877655 20.6980350460352 20.2867666169004 47.0667572850489 0.160035952842253
25.3111951998271 23.5655881262279 24.4383916630275 20.5167467633122 21.4485422257973 20.9826444945547 48.9410973003122 0.166228053690112
26.8372049903283 24.9645769408969 25.9008909656126 21.5937334171637 22.6688959734425 22.1313146953031 51.6756571991769 0.167478252210293
27.5882887155185 25.803358566695 26.6958236411067 22.026286251834 23.1464734235974 22.5863798377157 52.8533611559814 0.170027280505674
31.4574341252173 29.0379666141086 30.247700369663 23.2587993868326 24.501665345753 23.8802323662928 56.7153198503329 0.187495142015184
36.9426018095328 34.5886332971141 35.7656175533235 26.3008518102596 27.8906739048428 27.0957628575512 64.8984335301621 0.197575315951584
