37.353821012552 34.7239958757784 36.0389084441652 28.6105037560897 29.924668566448 29.2675861612688 69.0977493660913 0.180448380425914
39.6190030255894 36.5940309238084 38.1065169746989 29.3547072262805 30.7764489255393 30.0655780759099 71.4149041743329 0.187652271212344
36.3848245514873 32.9712182544056 34.6780214029464 27.3788315947408 28.641990854313 28.0104112245269 66.2058047552078 0.181807082811331
34.2681236821504 31.2107849391321 32.7394543106412 26.0629223899608 27.3683820877592 26.71565223886 63.0084838938172 0.179242852288787
30.1559424921158 28.0500654650129 29.1030039785643 23.9579553585021 24.8883127591486 24.4231340588254 57.2537030610769 0.172120312716132
24.8313956828288 22.5074119944535 23.6694038386411 20.9816532846573 21.535743826508 21.2586985555826 49.0818050290678 0.154393456888705
22.833022364745 20.6484650799384 21.7407437223417 19.104452330789 19.8200581135426 19.4622552221658 44.9682732902692 0.15526882103196
23.3184638485177 21.6999754344138 22.5092196414657 19.2209017799742 19.8543488158236 19.5376252978989 45.4600283830922 0.163396976089542
24.1577507958359 22.5586408319238 23.3581958138798 19.9256863919546 20.7669649458447 20.3463256688996 47.3041134452511 0.162473122052644
23.4642768433457 21.7919401069643 22.628108475155 19.8545831972849 20.5516661184669 20.2031246578759 46.7084296658233 0.155970436672396
26.5306767966217 25.1428244550691 25.8367506258454 21.1843535890467 22.1614703541856 21.6729119716162 50.8112304743946 0.172228968145564
26.1938828596166 24.7005747797537 25.4472288196852 21.9922930631034 22.8218060749304 22.4070495690169 51.9680156366998 0.159635396811859
28.047361612068 25.946977527448 26.997169569758 22.6936573168968 23.6388985999153 23.166277958406 54.0412348339168 0.166377156722055
30.349072660272 28.2128597308878 29.2809661955799 24.0361450920418 25.1195900322889 24.5778675621654 57.6136741022195 0.172064133645765
38.5259372248322 35.7443404130975 37.1351388189648 27.9287675707037 29.6545449274231 28.7916562490634 68.6365212839643 0.191951596848428
