38.128027978616 35.1044184827239 36.6162232306699 26.6021296741266 28.27904097211 27.4405853231183 65.8677576693635 0.200188642001576
42.2935168607284 38.9786830500075 40.636099955368 28.5980814664578 30.4733460293579 29.5357137479078 71.3263316736255 0.2074590829666
38.4470248640699 36.0422462307678 37.2446355474189 26.6422245563997 28.2197324202656 27.4309784883326 66.0720637963737 0.204332973839716
33.9542853983332 31.6495284006201 32.8019068994766 24.6440424072942 25.9603562065528 25.3021993069235 60.3812874215015 0.193202351484506
31.7772104795767 29.1301250378844 30.4536677587305 22.3057003459202 23.3831155634312 22.8444079546757 54.8245833755823 0.199956319383647
29.2756550177864 27.1550111390453 28.2153330784158 21.2004969094017 22.4531999875135 21.8268484484576 52.0570860252879 0.192501202091009
25.012051276798 22.8060925629365 23.9090719198673 18.4868033425393 19.5635192714534 19.0251613069964 45.1102845138724 0.18554276060943
22.193825631537 21.1132782151922 21.6535519233646 16.8808933108216 17.7385242147892 17.3097087628054 41.0032229274317 0.184399561231735
23.2616104319496 21.8093848413857 22.5354976366676 17.3693391186506 18.2428978191548 17.8061184689027 42.2821361829893 0.187292341585631
24.5642011861223 22.7780547683136 23.6711279772179 18.4040277972803 19.6432820610844 19.0236549291823 45.0126124213402 0.183069515003944
27.4398104983385 25.7242720716135 26.582041284976 19.2300733264495 20.5348537957193 19.8824635610844 47.74380856358 0.200651227572927
25.504181599307 23.778545511472 24.6413635553895 19.7372381528703 20.777787801549 20.2575129772097 47.7009787920602 0.177365129809499
27.6904297356714 25.9553606559335 26.8228951958025 20.3856298478664 21.7179710003992 21.0518004241328 50.0591784751452 0.188952428452622
29.5744123288658 27.6089797617892 28.5916960453275 21.2723055450614 22.6291093944837 21.9507074697725 52.4337886932158 0.194353046830505
38.2940091901104 35.9623136814276 37.128161435769 25.8713462447573 27.8051658815822 26.8382560631698 64.8814797758588 0.208749920694284
